 1 1 1 8 2.4148574 3.9512221 0.0038991248 3.2806389 0.0036497439 25.303922 0 0 0
 2 0 0 6 2.0913279 4.5627798 0.018319307 11.562395 0.019223029 63.332724 0 0 0
 2 2 0 12 1.4787921 6.4544525 0.023433192 7.4009141 0.023852562 50.649408 0 0 0
 2 2 2 8 1.2074287 7.9071516 0.011077888 2.3343465 0.010982265 42.651348 0 0 0
 3 1 1 24 1.2611182 7.5700199 0.0095527392 2.1955248 0.009273351 22.866917 0 0 0
 3 3 1 24 0.95956704 9.9542348 0.0068533575 0.91336769 0.0064603632 19.368471 0 0 0
 3 3 3 8 0.80495248 11.872547 0.0016601593 0.15594693 0.0016455247 16.51122 0 0 0
 4 0 0 6 1.0456639 9.1328138 0.0062779547 0.99296519 0.0062215027 37.075134 0 0 0
 4 2 0 24 0.93527026 10.213508 0.019813077 2.5090224 0.018837508 32.932114 0 0 0
 4 2 2 24 0.85378103 11.191311 0.016121538 1.7026492 0.015391008 29.706185 0 0 0
 4 4 0 12 0.73939606 12.929497 0.005681219 0.45073146 0.0059136988 24.939022 0 0 0
 4 4 2 24 0.69710929 13.717461 0.0097493887 0.68809791 0.0093379572 23.101083 0 0 0
 5 1 1 24 0.80495248 11.872547 0.0049804791 0.46784091 0.0049365753 16.511222 0 0 0
 5 3 1 48 0.70699786 13.524696 0.0074682753 0.54205122 0.007374677 14.296799 0 0 0
 5 3 3 24 0.63784903 14.998912 0.0028809958 0.17047538 0.0027868263 12.55784 0 0 0
 6 0 0 6 0.69710929 13.717461 0.0024373468 0.17202445 0.002334489 23.101081 0 0 0
 6 2 0 24 0.66133594 14.463335 0.0084528551 0.53736376 0.0084764093 21.510245 0 0 0
 6 2 2 24 0.63055908 15.17333 0.0073899672 0.42742992 0.0072578107 20.112447 0 0 0
