 0 0 1 2 4.7712022 1.9995446 0.0087514741 28.578801 0.0073512977 161.00288 0 0 0
 0 0 2 2 2.3856011 3.9996984 0.0027898541 2.2786833 0.0026096638 90.904164 0 0 0
 0 0 3 2 1.5904007 6.001072 0.0034888995 1.2674814 0.0033031457 101.65699 0 0 0
 0 0 4 2 1.1928005 8.0042799 0.0073847405 1.5107001 0.0074425586 147.89744 0 0 0
 0 0 5 2 0.95424043 10.009941 0.0037238066 0.48821647 0.0035321754 105.02352 0 0 0
 0 0 6 2 0.79520036 12.018682 0.0017604718 0.16055741 0.0016169426 72.2117 0 0 0
 0 0 7 2 0.68160031 14.031137 0.0010832627 0.072730648 0.0011179581 56.644784 0 0 0
 0 2 0 2 4.3939159 2.1712565 0.0058030464 16.191174 0.0068538709 131.10554 0 0 0
 0 2 1 4 3.2321301 2.9518622 0.01009769 15.195446 0.010610061 122.28946 0 0 0
 0 2 2 4 2.0965272 4.5514584 0.0075242441 4.7552699 0.0080352358 105.56245 0 0 0
 0 2 3 4 1.4954539 6.3824645 0.0061227117 1.9686907 0.0064336979 95.224771 0 0 0
 0 2 4 4 1.1511385 8.2944695 0.0052521111 1.0013676 0.0051686586 88.195208 0 0 0
 0 2 5 4 0.93250341 10.243893 0.0044062197 0.55194879 0.0042388873 80.78135 0 0 0
 0 2 6 4 0.78248921 12.214656 0.0033193144 0.29324668 0.0033361347 70.113594 0 0 0
 0 2 7 4 0.67354461 14.19981 0.0024834135 0.16287703 0.0025085807 60.646054 0 0 0
 0 4 0 2 2.1969579 4.3432929 0.0036299534 2.5333611 0.0036171072 103.6916 0 0 0
 0 4 1 4 1.995565 4.781862 0.007884339 4.5347638 0.0077181655 108.05893 0 0 0
 0 4 2 4 1.616065 5.9056855 0.0078801232 2.9675512 0.0083074874 108.03004 0 0 0
 0 4 3 4 1.2882718 7.4102373 0.0056560157 1.3526201 0.0056607674 91.523651 0 0 0
 0 4 4 4 1.0482636 9.110117 0.0042353669 0.67077839 0.0042022562 79.199703 0 0 0
 0 4 5 4 0.87524492 10.91602 0.0038125371 0.4213115 0.0038190715 75.142401 0 0 0
 0 4 6 4 0.74772697 12.784837 0.0034945161 0.28223173 0.0035757886 71.940186 0 0 0
 0 4 7 4 0.65098998 14.694455 0.0025460283 0.15614653 0.0025166457 61.405836 0 0 0
 0 6 0 2 1.4646386 6.5168919 0.0099883837 3.1009791 0.010298483 172.00483 0 0 0
 0 6 1 4 1.400153 6.8173817 0.0091351273 2.5905885 0.0084913112 116.3149 0 0 0
 0 6 2 4 1.2481705 7.6486622 0.0051518136 1.15995 0.0051947978 87.349033 0 0 0
 0 6 3 4 1.0773767 8.8634426 0.0051578703 0.86472493 0.0049191244 87.400365 0 0 0
 0 6 4 4 0.92488891 10.328458 0.010024166 1.2385493 0.0093952118 121.84344 0 0 0
 0 6 5 4 0.79952127 11.953491 0.0057361473 0.5299664 0.0055002667 92.169701 0 0 0
 0 6 6 4 0.69884239 13.683279 0.0028869807 0.20402649 0.0027903045 65.388289 0 0 0
 0 8 0 2 1.098479 8.6928411 0.0029954319 0.52376076 0.0030367753 94.193896 0 0 0
 0 8 1 4 1.0704743 8.9207089 0.0050094811 0.8316498 0.0049558589 86.133958 0 0 0
 0 8 2 4 0.99778252 9.5720764 0.0035195907 0.50741128 0.0035733215 72.197824 0 0 0
 0 8 3 4 0.90384322 10.569629 0.0036565085 0.43242363 0.0036769736 73.588733 0 0 0
 0 8 4 4 0.80803251 11.82713 0.0039787327 0.3760917 0.0039159328 76.762731 0 0 0
 0 8 5 4 0.72038632 13.272198 0.0034009182 0.25566365 0.0033305975 70.970216 0 0 0
 0 8 6 4 0.64413588 14.851691 0.0021887276 0.13169086 0.002130434 56.934287 0 0 0
 0 10 0 2 0.87878318 10.871936 0.0016426349 0.18411971 0.0016444519 69.753106 0 0 0
 0 10 1 4 0.86424607 11.055373 0.0037005902 0.40114679 0.0036335872 74.030985 0 0 0
 0 10 2 4 0.82461388 11.588487 0.0042910163 0.42339154 0.0043139016 79.718316 0 0 0
 0 10 3 4 0.76917262 12.426953 0.0032818126 0.28171587 0.0033457844 69.716395 0 0 0
 0 10 4 4 0.70750422 13.514972 0.0024583569 0.17858563 0.0024059238 60.339333 0 0 0
 0 10 5 4 0.64642601 14.79878 0.0023979136 0.14550555 0.0024201802 59.592938 0 0 0
 0 12 0 2 0.73231932 13.054981 0.0034299589 0.267517 0.0035892 100.79465 0 0 0
 0 12 1 4 0.72384267 13.20854 0.0039844348 0.30360578 0.0039105123 76.817717 0 0 0
 0 12 2 4 0.70007648 13.659044 0.0027509891 0.19608053 0.0026765053 63.829651 0 0 0
 0 12 3 4 0.66518835 14.379128 0.0027710584 0.17833726 0.0027026319 64.062056 0 0 0
 0 12 4 4 0.62408526 15.331669 0.0049757388 0.28197406 0.0048791934 85.843382 0 0 0
 0 14 0 2 0.62770227 15.242797 0.0016271145 0.093457594 0.0015979623 69.422795 0 0 0
 0 14 1 4 0.62233959 15.374934 0.0025091681 0.14167289 0.0024630617 60.959712 0 0 0
 1 1 -7 4 0.70861596 13.49367 0.0026210093 0.18928319 0.0025530954 -62.303482 0 0 0
 1 1 -6 4 0.83003207 11.512585 0.0033621507 0.33225918 0.0032565136 -70.564557 0 0 0
 1 1 -5 4 1.0003396 9.5475516 0.0047674795 0.68251483 0.0048192192 -84.027695 0 0 0
 1 1 -4 4 1.2548902 7.6076448 0.0059451231 1.3356177 0.00586939 -93.833617 0 0 0
 1 1 -3 4 1.6699664 5.7149074 0.006596669 2.615725 0.0068383436 -98.84174 0 0 0
 1 1 -2 4 2.4254103 3.9340236 0.0079810453 6.6460308 0.0073856973 -108.71962 0 0 0
 1 1 -1 4 3.7997092 2.5108529 0.010817528 22.054393 0.012998183 -126.57328 0 0 0
 1 1 0 4 4.2111506 2.2655017 0.011155797 28.451927 0.012239339 -128.53705 0 0 0
 1 1 1 4 2.7589701 3.4582455 0.0089230401 9.8504147 0.0096604301 -114.95674 0 0 0
 1 1 2 4 1.84361 5.1762532 0.0073846337 3.6362605 0.0073436836 -104.57852 0 0 0
 1 1 3 4 1.3546832 7.0464902 0.0061916497 1.6445497 0.0066616888 -95.759358 0 0 0
 1 1 4 4 1.0639124 8.9758423 0.0047409192 0.77656266 0.0048599639 -83.793303 0 0 0
 1 1 5 4 0.87374652 10.934797 0.0036978133 0.40874967 0.003731833 -74.003204 0 0 0
 1 1 6 4 0.74040787 12.911753 0.0031169138 0.24768133 0.0032630752 -67.942328 0 0 0
 1 1 7 4 0.64199426 14.901516 0.0026245554 0.15705068 0.0025648384 -62.345614 0 0 0
 1 3 -7 4 0.690875 13.841847 0.0057779473 0.39700988 0.005695872 -92.504918 0 0 0
 1 3 -6 4 0.80190905 11.917769 0.0030044008 0.27745499 0.0029530153 -66.704782 0 0 0
 1 3 -5 4 0.9522025 10.031419 0.0043118806 0.56021634 0.004149417 -79.911889 0 0 0
 1 3 -4 4 1.1635668 8.2057219 0.0089564978 1.7341761 0.0084168863 -115.17206 0 0 0
 1 3 -3 4 1.4709528 6.4888877 0.019666098 6.0757796 0.020685578 -170.66212 0 0 0
 1 3 -2 4 1.911852 4.9913721 0.0088673449 4.6263619 0.0080122509 -114.59742 0 0 0
 1 3 -1 4 2.4052451 3.967019 0.0054956065 4.5537585 0.005220517 -90.216473 0 0 0
 1 3 0 4 2.5001438 3.816385 0.012022054 10.845344 0.009883904 -133.43426 0 0 0
 1 3 1 4 2.0629959 4.6254761 0.028773453 17.740676 0.031179285 -206.43058 0 0 0
 1 3 2 4 1.5854949 6.0196578 0.011398826 4.1509744 0.010713191 -129.9296 0 0 0
 1 3 3 4 1.2417794 7.6880872 0.0051902588 1.1588167 0.0052693283 -87.674347 0 0 0
 1 3 4 4 1.0065361 9.4886394 0.0043461678 0.63752122 0.0043143457 -80.228981 0 0 0
 1 3 5 4 0.84111913 11.360331 0.0085043781 0.87163664 0.0081321456 -112.22751 0 0 0
 1 3 6 4 0.72023922 13.274921 0.0052260325 0.39317326 0.0051215024 -87.975974 0 0 0
 1 3 7 4 0.62871273 15.218154 0.0024638932 0.14147262 0.0024194925 -60.407237 0 0 0
 1 5 -7 4 0.65905586 14.513642 0.0026104534 0.16350722 0.0026719478 -62.177893 0 0 0
 1 5 -6 4 0.75329625 12.689926 0.002775574 0.22665885 0.0029276627 -64.114231 0 0 0
 1 5 -5 4 0.87367157 10.935738 0.0035252563 0.38660245 0.003558636 -72.255912 0 0 0
 1 5 -4 4 1.028255 9.2877742 0.005121291 0.77711695 0.0052230389 -87.089894 0 0 0
 1 5 -3 4 1.222283 7.8109072 0.0060250777 1.2915476 0.0061583295 -94.462483 0 0 0
 1 5 -2 4 1.4422214 6.6182994 0.0058175842 1.7382498 0.0059332207 -92.821669 0 0 0
 1 5 -1 4 1.6221312 5.8835808 0.0056972917 2.1597371 0.0060117785 -91.857001 0 0 0
 1 5 0 4 1.6503229 5.7829883 0.0072571747 2.8574165 0.0074213033 -103.67208 0 0 0
 1 5 1 4 1.5038883 6.3466324 0.0076052511 2.4915463 0.008311039 -106.12918 0 0 0
 1 5 2 4 1.2856601 7.4253111 0.0059655392 1.4288813 0.0060127217 -93.994596 0 0 0
 1 5 3 4 1.0810426 8.8333257 0.0042056214 0.71217265 0.0040786198 -78.921098 0 0 0
 1 5 4 4 0.91507009 10.43959 0.0037796368 0.4586764 0.0037435519 -74.817478 0 0 0
 1 5 5 4 0.7855169 12.167398 0.0035953579 0.32171685 0.0035886758 -72.970798 0 0 0
 1 5 6 4 0.68439949 13.973463 0.0030457322 0.20711521 0.003131592 -67.162042 0 0 0
 1 7 -6 4 0.69453995 13.768452 0.0027807961 0.19354802 0.002645024 -64.174516 0 0 0
 1 7 -5 4 0.78546244 12.168245 0.0039555117 0.35168579 0.0039492599 -76.538398 0 0 0
 1 7 -4 4 0.8920844 10.709355 0.0039453705 0.45222425 0.0042105223 -76.44022 0 0 0
 1 7 -3 4 1.0100849 9.4552254 0.0038583332 0.56711483 0.0038803296 -75.592359 0 0 0
 1 7 -2 4 1.1239895 8.4951787 0.0047992073 0.87447527 0.0049579201 -84.306835 0 0 0
 1 7 -1 4 1.2031481 7.9353292 0.0064255187 1.3440304 0.006488766 -97.551091 0 0 0
 1 7 0 4 1.2145174 7.8609278 0.0056328852 1.2028862 0.0055594348 -91.336314 0 0 0
 1 7 1 4 1.1524551 8.2849765 0.0045034979 0.86699879 0.0043975933 -81.668206 0 0 0
 1 7 2 4 1.0449798 9.1388062 0.004413851 0.69900565 0.0043558033 -80.851274 0 0 0
 1 7 3 4 0.92590129 10.317134 0.0047167783 0.58658512 0.0043960419 -83.579692 0 0 0
 1 7 4 4 0.81513501 11.723714 0.0036492493 0.35187174 0.0037283262 -73.51565 0 0 0
 1 7 5 4 0.71955014 13.28769 0.0026467642 0.19900844 0.0026037374 -62.60884 0 0 0
 1 7 6 4 0.63943906 14.961402 0.0023239175 0.13814795 0.0022600819 -58.666257 0 0 0
 1 9 -6 4 0.63405562 15.089168 0.0021347346 0.1241893 0.002079773 -56.227655 0 0 0
 1 9 -5 4 0.70095797 13.641785 0.0028464681 0.20218777 0.0027825774 -64.927875 0 0 0
 1 9 -4 4 0.77360499 12.355474 0.0050942873 0.44057596 0.0052045147 -86.859985 0 0 0
 1 9 -3 4 0.84681945 11.283611 0.0087229454 0.90417049 0.0083157599 -113.66051 0 0 0
 1 9 -2 4 0.91063007 10.490633 0.0046657548 0.55971612 0.004586015 -83.126403 0 0 0
 1 9 -1 4 0.95122406 10.041764 0.0041311021 0.54138172 0.0040124985 -78.218773 0 0 0
 1 9 0 4 0.95681285 9.9829606 0.0054923615 0.72910953 0.0051624632 -90.189835 0 0 0
 1 9 1 4 0.92557141 10.320821 0.010258683 1.275474 0.0095800533 -123.26047 0 0 0
 1 9 2 4 0.86706638 11.019301 0.0055806844 0.60925133 0.0053692147 -90.912115 0 0 0
 1 9 3 4 0.79534832 12.016438 0.0033591572 0.30870366 0.0030811973 -70.533137 0 0 0
 1 9 4 4 0.72180372 13.246018 0.0028972987 0.21941621 0.0028305118 -65.505033 0 0 0
 1 9 5 4 0.65291271 14.650944 0.0054003891 0.33491228 0.0052871642 -89.431509 0 0 0
 1 11 -5 4 0.62583146 15.288634 0.0018963588 0.10771425 0.0018608202 -52.995415 0 0 0
 1 11 -4 4 0.67590672 14.149931 0.003135948 0.20769037 0.0031630853 -68.149466 0 0 0
 1 11 -3 4 0.72310912 13.221999 0.0036763555 0.27870557 0.0035991974 -73.788177 0 0 0
 1 11 -2 4 0.76163572 12.550417 0.0029854819 0.25121694 0.0030731576 -66.494428 0 0 0
 1 11 -1 4 0.78491298 12.176795 0.002451 0.21920371 0.0024522221 -60.248979 0 0 0
 1 11 0 4 0.78804419 12.12823 0.0034214075 0.30867864 0.0033499842 -71.18368 0 0 0
 1 11 1 4 0.77031315 12.408481 0.0041178195 0.35522174 0.0041738556 -78.092925 0 0 0
 1 11 2 4 0.73559363 12.996619 0.0033029007 0.25996755 0.0033934532 -69.940026 0 0 0
 1 11 3 4 0.69026433 13.854152 0.002098953 0.14555494 0.0020827612 -55.754431 0 0 0
 1 11 4 4 0.64053312 14.935701 0.0021796526 0.13024582 0.0021387403 -56.816133 0 0 0
 1 13 -3 4 0.62819669 15.230729 0.0019710298 0.11311036 0.0019357241 -54.028713 0 0 0
 1 13 -2 4 0.65296385 14.64979 0.0024734666 0.15339577 0.0024217305 -60.524479 0 0 0
 1 13 -1 4 0.66745381 14.330066 0.003279214 0.21258908 0.0032392473 -69.688788 0 0 0
 1 13 0 4 0.66937598 14.288701 0.0027449395 0.17907751 0.0027776313 -63.759429 0 0 0
 1 13 1 4 0.65840697 14.528023 0.0021862084 0.13806882 0.0022410289 -56.901512 0 0 0
 1 13 2 4 0.6363303 15.034916 0.0022887969 0.13509528 0.0022029496 -58.221268 0 0 0
 2 0 -8 2 0.63394188 15.091891 0.0012651171 0.072990264 0.0012329454 61.215075 0 0 0
 2 0 -7 2 0.727109 13.148942 0.002618137 0.19805856 0.0026204374 88.062136 0 0 0
 2 0 -6 2 0.85048067 11.23488 0.0042209462 0.43539915 0.0039935735 111.81445 0 0 0
 2 0 -5 2 1.0198678 9.3643251 0.0021670876 0.32030957 0.0021513761 80.118215 0 0 0
 2 0 -4 2 1.2617117 7.5664534 0.0026463225 0.59628594 0.002565109 88.534883 0 0 0
 2 0 -3 2 1.6163003 5.904825 0.0058055057 2.1375389 0.0061261446 131.13332 0 0 0
 2 0 -2 2 2.106993 4.5288386 0.014408734 8.9903173 0.015309088 206.58841 0 0 0
 2 0 -1 2 2.5352629 3.7635002 0.0058814267 5.3456889 0.0049726003 131.98798 0 0 0
 2 0 0 2 2.3989572 3.9774212 0.0027141301 2.2440576 0.0025750592 89.661987 0 0 0
 2 0 1 2 1.8904954 5.0477951 0.004512767 2.3379058 0.0042792399 115.61508 0 0 0
 2 0 2 2 1.4529485 6.569383 0.0099046216 3.0370646 0.010218752 171.2821 0 0 0
 2 0 3 2 1.1505297 8.2988661 0.0044271949 0.85138719 0.0043675614 114.51367 0 0 0
 2 0 4 2 0.94278558 10.131878 0.0020990298 0.27109248 0.0020552832 78.850115 0 0 0
 2 0 5 2 0.79492337 12.022885 0.0014953865 0.13737873 0.0013779453 66.553325 0 0 0
 2 0 6 2 0.68553599 13.950182 0.0029304842 0.20043075 0.0030213382 93.167131 0 0 0
 2 2 -8 4 0.62744509 15.249082 0.0025611099 0.14482 0.0025149688 61.587438 0 0 0
 2 2 -7 4 0.71735336 13.328566 0.0032449576 0.2390812 0.0032270846 69.32383 0 0 0
 2 2 -6 4 0.83498318 11.444091 0.0034295555 0.341272 0.0033108487 71.268391 0 0 0
 2 2 -5 4 0.99345774 9.613844 0.0039148746 0.54972062 0.0039524183 76.144223 0 0 0
 2 2 -4 4 1.2127052 7.8726935 0.0053524883 1.1163064 0.0052993958 89.034002 0 0 0
 2 2 -3 4 1.5169253 6.2920323 0.0073870329 2.403531 0.0080584436 104.59551 0 0 0
 2 2 -2 4 1.8998546 5.0229122 0.0079385132 4.0491724 0.0075387341 108.42954 0 0 0
 2 2 -1 4 2.1959408 4.3453056 0.0074166033 5.0860249 0.0073826793 104.80465 0 0 0
 2 2 0 4 2.1055753 4.5318896 0.0074514898 4.7538986 0.0079320457 105.05085 0 0 0
 2 2 1 4 1.7365804 5.4955159 0.0076625585 3.3490566 0.007959433 106.52828 0 0 0
 2 2 2 4 1.379485 6.9196456 0.006505673 1.7979004 0.0070112284 98.157649 0 0 0
 2 2 3 4 1.1130064 8.5791644 0.0050002494 0.89988975 0.0051707581 86.054556 0 0 0
 2 2 4 4 0.92180502 10.363106 0.0038659665 0.47737011 0.0036327091 75.667098 0 0 0
 2 2 5 4 0.78222529 12.218793 0.003251722 0.28930926 0.0032742763 69.396048 0 0 0
 2 2 6 4 0.67734161 14.119803 0.0027808395 0.18571084 0.0028665842 64.175018 0 0 0
 2 4 -7 4 0.69028571 13.853721 0.002863504 0.19569243 0.0028406909 65.12188 0 0 0
 2 4 -6 4 0.79312563 12.050238 0.0028899485 0.26004502 0.0027669247 65.421889 0 0 0
 2 4 -5 4 0.92505309 10.32662 0.0037802622 0.46164375 0.0035402684 74.823668 0 0 0
 2 4 -4 4 1.0941169 8.7275649 0.0056315802 0.9602867 0.005697481 91.325734 0 0 0
 2 4 -3 4 1.3019222 7.3324354 0.0062362095 1.5045386 0.0065488552 96.103318 0 0 0
 2 4 -2 4 1.5206794 6.2764834 0.0057322572 1.8898053 0.0062393084 92.138442 0 0 0
 2 4 -1 4 1.6603046 5.7481918 0.0062529194 2.4700458 0.0062060616 96.231986 0 0 0
 2 4 0 4 1.6201983 5.8906063 0.0078363049 2.9676251 0.0083195934 107.72926 0 0 0
 2 4 1 4 1.4329871 6.6609962 0.0068296862 2.0324348 0.0069997247 100.57231 0 0 0
 2 4 2 4 1.2118942 7.8779699 0.0050455501 1.0759441 0.0049961465 86.44349 0 0 0
 2 4 3 4 1.0192246 9.3702474 0.0042497751 0.64144211 0.0042189492 79.334302 0 0 0
 2 4 4 4 0.86638065 11.02805 0.0040715442 0.44427196 0.0039307784 77.652888 0 0 0
 2 4 5 4 0.74749667 12.788792 0.0032806435 0.26667061 0.0033597034 69.703976 0 0 0
 2 4 6 4 0.65441625 14.617099 0.0024289929 0.15150392 0.0023938757 59.977886 0 0 0
 2 6 -7 4 0.65127015 14.688098 0.0043618874 0.26601995 0.0042962892 80.37394 0 0 0
 2 6 -6 4 0.7354764 12.9987 0.0065722215 0.51011171 0.0067564876 98.658414 0 0 0
 2 6 -5 4 0.83694981 11.417111 0.0034778852 0.34902195 0.0033102424 71.768795 0 0 0
 2 6 -4 4 0.95592598 9.992246 0.0042460907 0.55543228 0.0040017137 79.299905 0 0 0
 2 6 -3 4 1.0853227 8.7984217 0.007579456 1.2785373 0.0073089249 105.94905 0 0 0
 2 6 -2 4 1.2026226 7.9388024 0.015179538 3.1502279 0.015343484 149.93648 0 0 0
 2 6 -1 4 1.2682184 7.5275771 0.0073543019 1.7032903 0.0069898973 104.36353 0 0 0
 2 6 0 4 1.2500719 7.6370113 0.0050792293 1.1474322 0.0050999817 86.731517 0 0 0
 2 6 1 4 1.1578193 8.2465258 0.0062313791 1.2111391 0.0058708279 96.066091 0 0 0
 2 6 2 4 1.031498 9.2585102 0.012203764 1.8857049 0.012354611 134.4389 0 0 0
 2 6 3 4 0.90475994 10.558889 0.0063975395 0.76123609 0.0063677089 97.338471 0 0 0
 2 6 4 4 0.79274743 12.056008 0.0033757372 0.30860455 0.0032598121 70.70699 0 0 0
 2 6 5 4 0.69865436 13.686979 0.0025074099 0.17820106 0.0024211571 60.938351 0 0 0
 2 6 6 4 0.62088968 15.411055 0.00484927 0.27252081 0.0047650932 84.745416 0 0 0
 2 8 -6 4 0.67248179 14.222368 0.0028857866 0.18790963 0.0029326689 65.374765 0 0 0
 2 8 -5 4 0.74740282 12.790405 0.0026703311 0.21456083 0.0027359403 62.886959 0 0 0
 2 8 -4 4 0.82848301 11.534183 0.0030109777 0.29719018 0.002965299 66.777753 0 0 0
 2 8 -3 4 0.90851954 10.515072 0.004495575 0.53395354 0.0044828011 81.596336 0 0 0
 2 8 -2 4 0.97405056 9.8058566 0.0050967948 0.69699245 0.0052781972 86.88136 0 0 0
 2 8 -1 4 1.0079351 9.4754385 0.0042631922 0.62574625 0.004240163 79.459439 0 0 0
 2 8 0 4 0.99875301 9.5627536 0.0034885757 0.50401295 0.0035403212 71.879013 0 0 0
 2 8 1 4 0.94978402 10.057029 0.0042369502 0.55470307 0.0041725381 79.214505 0 0 0
 2 8 2 4 0.87623864 10.903603 0.0045657138 0.5094791 0.0045526671 82.230395 0 0 0
 2 8 3 4 0.79450596 12.029225 0.0036464316 0.33487184 0.0033826931 73.487262 0 0 0
 2 8 4 4 0.7154195 13.364759 0.0024273543 0.18091459 0.0024504717 59.957652 0 0 0
 2 8 5 4 0.64398863 14.855106 0.0022451294 0.13573078 0.0021819911 57.663197 0 0 0
 2 10 -5 4 0.6657325 14.367313 0.0025264946 0.16168571 0.0024624888 61.169822 0 0 0
 2 10 -4 4 0.7211107 13.258805 0.0036726653 0.27573586 0.0035887707 73.751135 0 0 0
 2 10 -3 4 0.77204846 12.380482 0.0034017102 0.29292121 0.0034630552 70.978479 0 0 0
 2 10 -2 4 0.8110656 11.782744 0.002921643 0.27799166 0.0028679361 65.779657 0 0 0
 2 10 -1 4 0.8303171 11.508619 0.0032816154 0.32777231 0.0031721623 69.714301 0 0 0
 2 10 0 4 0.82516145 11.580771 0.0042761874 0.42254206 0.0042880631 79.580452 0 0 0
 2 10 1 4 0.79689458 11.993036 0.0036713505 0.3388595 0.0033770427 73.737933 0 0 0
 2 10 2 4 0.75194416 12.712838 0.0027634494 0.22738081 0.0028907861 63.974042 0 0 0
 2 10 3 4 0.69837093 13.692561 0.002551758 0.18130281 0.0024602582 61.474892 0 0 0
 2 10 4 4 0.64283007 14.882031 0.0029099533 0.17535848 0.0028243743 65.647931 0 0 0
 2 12 -4 4 0.63336431 15.105733 0.0023580889 0.1370847 0.0023014922 59.096005 0 0 0
 2 12 -3 4 0.66704578 14.338878 0.0037812588 0.24391861 0.0037167718 74.83353 0 0 0
 2 12 -2 4 0.69172903 13.824674 0.0061369065 0.42607513 0.0060118992 95.335091 0 0 0
 2 12 -1 4 0.70355621 13.591168 0.0034793152 0.25017728 0.003464856 71.783548 0 0 0
 2 12 0 4 0.70041144 13.65248 0.0027235025 0.19432443 0.0026547783 63.509972 0 0 0
 2 12 1 4 0.68287503 14.004813 0.0031826921 0.21611789 0.0032752216 68.655502 0 0 0
 2 12 2 4 0.65395061 14.627564 0.0055675868 0.34709999 0.0054675865 90.80537 0 0 0
 2 12 3 4 0.61778969 15.488859 0.0034749039 0.1935481 0.0034069321 71.738028 0 0 0
 3 1 -8 4 0.63628462 15.036002 0.0022339043 0.12932544 0.0021509142 -57.518867 0 0 0
 3 1 -7 4 0.72466772 13.193435 0.0033672839 0.25195517 0.003323226 -70.618404 0 0 0
 3 1 -6 4 0.83731431 11.412124 0.0039447732 0.39265883 0.0037424875 -76.434434 0 0 0
 3 1 -5 4 0.98233254 9.7229842 0.0038885037 0.53086401 0.003988472 -75.887333 0 0 0
 3 1 -4 4 1.1671348 8.1805937 0.0045242536 0.86915472 0.0042955882 -81.856186 0 0 0
 3 1 -3 4 1.3870546 6.8818376 0.0065683386 1.7792031 0.006714521 -98.629265 0 0 0
 3 1 -2 4 1.5945577 5.9854131 0.0078076978 2.8016614 0.0075013149 -107.53245 0 0 0
 3 1 -1 4 1.6791279 5.6837006 0.00674654 2.7069967 0.0069030481 -99.958236 0 0 0
 3 1 0 4 1.57346 6.0657428 0.0059053052 2.1025607 0.005806185 -93.518861 0 0 0
 3 1 1 4 1.35956 7.0211824 0.0061142119 1.6368638 0.0064474366 -95.158651 0 0 0
 3 1 2 4 1.1426089 8.3564972 0.0055504193 1.0530838 0.005522762 -90.665264 0 0 0
 3 1 3 4 0.96280124 9.9207131 0.0043043294 0.58074664 0.0040787496 -79.841885 0 0 0
 3 1 4 4 0.82215377 11.623282 0.0033811924 0.33297211 0.0034513858 -70.764098 0 0 0
 3 1 5 4 0.7128418 13.413309 0.0029324049 0.21731027 0.0029737107 -65.900696 0 0 0
 3 1 6 4 0.62692228 15.261874 0.0024787771 0.14226264 0.0024338089 -60.589417 0 0 0
 3 3 -8 4 0.62334725 15.34993 0.001875869 0.10434468 0.0018400602 -52.708333 0 0 0
 3 3 -7 4 0.70572593 13.549186 0.0029459671 0.20935545 0.0029404954 -66.052913 0 0 0
 3 3 -6 4 0.80847011 11.820706 0.0057782359 0.53722393 0.0056651478 -92.507228 0 0 0
 3 3 -5 4 0.93663266 10.198612 0.01001469 1.2461881 0.0094273131 -121.78584 0 0 0
 3 3 -4 4 1.0925884 8.7397984 0.0051153769 0.86433413 0.0051403968 -87.039593 0 0 0
 3 3 -3 4 1.2665697 7.5373898 0.005185475 1.1769757 0.0049365755 -87.633934 0 0 0
 3 3 -2 4 1.4186352 6.7284609 0.0093057896 2.6576626 0.0088554324 -117.39636 0 0 0
 3 3 -1 4 1.4772022 6.4614069 0.020143244 6.2807175 0.020623545 -172.72004 0 0 0
 3 3 0 4 1.4037169 6.8000528 0.0089938739 2.5526893 0.0082454676 -115.41212 0 0 0
 3 3 1 4 1.2455324 7.6648868 0.0050445354 1.1337764 0.0050955262 -86.434798 0 0 0
 3 3 2 4 1.07239 8.904741 0.0052010334 0.8692258 0.0050462693 -87.765302 0 0 0
 3 3 3 4 0.91965668 10.387381 0.010164627 1.2513308 0.0096942758 -122.69412 0 0 0
 3 3 4 4 0.79479799 12.024789 0.0057101312 0.525605 0.0052711202 -91.960448 0 0 0
 3 3 5 4 0.69478958 13.763481 0.0027935629 0.19671612 0.0026503881 -64.321662 0 0 0
 3 5 -7 4 0.67191036 14.234526 0.0026505734 0.17118118 0.0027003289 -62.653877 0 0 0
 3 5 -6 4 0.7587271 12.598724 0.0036629389 0.30090651 0.0038329298 -73.653412 0 0 0
 3 5 -5 4 0.86159843 11.089451 0.0038246443 0.40440296 0.0038265648 -75.26162 0 0 0
 3 5 -4 4 0.97828774 9.7632819 0.0037487309 0.5105446 0.0038648353 -74.510961 0 0 0
 3 5 -3 4 1.0972803 8.7023558 0.0043848279 0.75182087 0.0044507688 -80.585018 0 0 0
 3 5 -2 4 1.1917671 8.011232 0.0059891582 1.215008 0.0060637821 -94.180486 0 0 0
 3 5 -1 4 1.2258614 7.7880705 0.0061470288 1.3261045 0.0062412029 -95.413683 0 0 0
 3 5 0 4 1.1828813 8.0715115 0.0049731357 1.0044539 0.0049106582 -85.820925 0 0 0
 3 5 1 4 1.0835161 8.8131213 0.0041399918 0.70458672 0.0040096648 -78.302887 0 0 0
 3 5 2 4 0.96370873 9.9113477 0.0043628096 0.58895165 0.0041396705 -80.382436 0 0 0
 3 5 3 4 0.84832904 11.263467 0.0041315774 0.43288986 0.0039121151 -78.223272 0 0 0
 3 5 4 4 0.74739242 12.790583 0.0032596522 0.2654214 0.0033399246 -69.480617 0 0 0
 3 5 5 4 0.6624515 14.43885 0.0023363373 0.14963846 0.0023185751 -58.822815 0 0 0
 3 7 -7 4 0.62921778 15.205866 0.0030081865 0.17093183 0.0029534707 -66.746795 0 0 0
 3 7 -6 4 0.69878964 13.684317 0.0029582605 0.20694307 0.0028584381 -66.190588 0 0 0
 3 7 -5 4 0.7766545 12.306773 0.0026817087 0.23147115 0.0028019072 -63.020788 0 0 0
 3 7 -4 4 0.85886534 11.124851 0.0033595922 0.35456603 0.0033218283 -70.537704 0 0 0
 3 7 -3 4 0.93604222 10.205062 0.0049607834 0.62257439 0.0046998512 -85.714277 0 0 0
 3 7 -2 4 0.99265746 9.6216129 0.0048702736 0.68913978 0.0049321109 -84.928746 0 0 0
 3 7 -1 4 1.0121017 9.4363419 0.0039124878 0.57758247 0.0039615732 -76.121009 0 0 0
 3 7 0 4 0.98750509 9.6719336 0.0038359794 0.54112483 0.0038587603 -75.373063 0 0 0
 3 7 1 4 0.92745392 10.299816 0.0046796033 0.58410498 0.0043283404 -83.249676 0 0 0
 3 7 2 4 0.8489496 11.255207 0.0041052852 0.43031329 0.0038766628 -77.97398 0 0 0
 3 7 3 4 0.76689347 12.464031 0.0029964013 0.25671753 0.0031554479 -66.615919 0 0 0
 3 7 4 4 0.6899045 13.861414 0.002474797 0.17182702 0.002466672 -60.540753 0 0 0
 3 7 5 4 0.62142966 15.397583 0.0025961102 0.14644408 0.0025500105 -62.006839 0 0 0
 3 9 -6 4 0.63728399 15.012287 0.0039508486 0.23081236 0.0037811961 -76.49327 0 0 0
 3 9 -5 4 0.69467654 13.765731 0.0060009251 0.41628114 0.0056995226 -94.272958 0 0 0
 3 9 -4 4 0.75164064 12.717993 0.0032603924 0.26482591 0.0034072478 -69.488505 0 0 0
 3 9 -3 4 0.80174837 11.920166 0.0033732478 0.31208336 0.0033120179 -70.680914 0 0 0
 3 9 -2 4 0.83647114 11.423666 0.0050049313 0.50501679 0.0047849943 -86.094834 0 0 0
 3 9 -1 4 0.84800676 11.267761 0.0088732783 0.92256972 0.0084166636 -114.63575 0 0 0
 3 9 0 4 0.83338126 11.466163 0.0048208581 0.48538236 0.004660319 -84.496789 0 0 0
 3 9 1 4 0.79633178 12.001543 0.0032905984 0.30322286 0.0030137318 -69.809653 0 0 0
 3 9 2 4 0.74496737 12.832394 0.003352878 0.27091191 0.0035143874 -70.467183 0 0 0
 3 9 3 4 0.68766531 13.906772 0.0061319935 0.42284409 0.0062672174 -95.296923 0 0 0
 3 9 4 4 0.63052293 15.174206 0.0038758184 0.22501618 0.0038006084 -75.76345 0 0 0
 3 11 -5 4 0.62134878 15.3996 0.0027641292 0.15406398 0.0027152923 -63.981911 0 0 0
 3 11 -4 4 0.66110942 14.468317 0.0022298761 0.14072997 0.0022395863 -57.466984 0 0 0
 3 11 -3 4 0.69443555 13.770531 0.0021528826 0.15004838 0.0020502763 -56.466154 0 0 0
 3 11 -2 4 0.71663378 13.34201 0.003250048 0.24158843 0.0032499217 -69.378183 0 0 0
 3 11 -1 4 0.72384797 13.208443 0.0037382296 0.28402815 0.0036689684 -74.406524 0 0 0
 3 11 0 4 0.71468788 13.378503 0.0029019958 0.21537092 0.002939909 -65.558109 0 0 0
 3 11 1 4 0.69090692 13.841204 0.0020608837 0.14320603 0.0020310128 -55.246501 0 0 0
 3 11 2 4 0.65655497 14.569225 0.002479175 0.15582845 0.0025130949 -60.594279 0 0 0
 3 13 -2 4 0.62393711 15.335331 0.0026068924 0.14739385 0.0025563457 -62.13547 0 0 0
 3 13 -1 4 0.62868094 15.218928 0.001993123 0.1145703 0.0019572619 -54.330672 0 0 0
 3 13 0 4 0.62265159 15.367183 0.002056824 0.11615186 0.0020185874 -55.192059 0 0 0
 4 0 -8 2 0.63085587 15.16615 0.0023834483 0.13517231 0.0023362631 84.022558 0 0 0
 4 0 -7 2 0.71102992 13.447646 0.0012611766 0.090535708 0.001262201 61.119669 0 0 0
 4 0 -6 2 0.80815015 11.825402 0.0017533554 0.162057 0.0017238026 72.0656 0 0 0
 4 0 -5 2 0.92365096 10.342339 0.0032681678 0.39346175 0.0030733088 98.388696 0 0 0
 4 0 -4 2 1.0534965 9.0647705 0.0060957938 0.95316607 0.006060824 134.37181 0 0 0
 4 0 -3 2 1.1803643 8.0887523 0.0030405937 0.59733042 0.0030111021 94.901314 0 0 0
 4 0 -2 2 1.2676315 7.5310677 0.0025388429 0.57785109 0.0024131787 86.718338 0 0 0
 4 0 -1 2 1.2754064 7.4850921 0.0037968071 0.8816517 0.0036793489 106.04795 0 0 0
 4 0 0 2 1.1994786 7.9596443 0.0077017257 1.5948586 0.007673734 151.03829 0 0 0
 4 0 1 2 1.0763289 8.8720885 0.0036958559 0.62005778 0.0035176444 104.62863 0 0 0
 4 0 2 2 0.9452477 10.105418 0.0020291389 0.26357284 0.0020281678 77.526275 0 0 0
 4 0 3 2 0.82673862 11.558603 0.0017468288 0.17398491 0.0017419019 71.931349 0 0 0
 4 0 4 2 0.72647423 13.160482 0.0033827773 0.26060042 0.0033806277 100.099 0 0 0
 4 0 5 2 0.64357491 14.86471 0.0021820044 0.13212403 0.0021150317 80.393482 0 0 0
 4 2 -8 4 0.62445255 15.322597 0.0020745889 0.11535329 0.0020343856 55.429895 0 0 0
 4 2 -7 4 0.70189927 13.623404 0.002449823 0.17151409 0.0024065922 60.234511 0 0 0
 4 2 -6 4 0.79481827 12.024481 0.0035582243 0.31844163 0.0032836618 72.592992 0 0 0
 4 2 -5 4 0.90389581 10.569013 0.0045269997 0.52265182 0.0045488011 81.881024 0 0 0
 4 2 -4 4 1.0244618 9.3222394 0.0043847139 0.64945124 0.0044047899 80.583971 0 0 0
 4 2 -3 4 1.1399484 8.3760353 0.0043089037 0.79107752 0.0043311726 79.884299 0 0 0
 4 2 -2 4 1.2179587 7.8386822 0.0052531353 1.1058254 0.0052049088 88.203807 0 0 0
 4 2 -1 4 1.2248502 7.7945106 0.0062301743 1.3359929 0.0063472246 96.056804 0 0 0
 4 2 0 4 1.1571375 8.2513934 0.0054458595 1.0501554 0.0051444491 89.80722 0 0 0
 4 2 1 4 1.0454206 9.1349441 0.0042770135 0.67708953 0.0042164759 79.588138 0 0 0
 4 2 2 4 0.924106 10.337232 0.0037945408 0.47112469 0.0035660483 74.964845 0 0 0
 4 2 3 4 0.81248179 11.762134 0.0036759451 0.3536299 0.0036613903 73.784058 0 0 0
 4 2 4 4 0.71674378 13.339953 0.0031561888 0.23669511 0.0031531663 68.369046 0 0 0
 4 2 5 4 0.63678062 15.024223 0.0024456365 0.14499347 0.0023460459 60.183021 0 0 0
 4 4 -7 4 0.67648302 14.137815 0.0024293282 0.15833686 0.0024705623 59.982026 0 0 0
 4 4 -6 4 0.75846263 12.603135 0.0037881991 0.30958029 0.0039809279 74.902176 0 0 0
 4 4 -5 4 0.85146111 11.221901 0.0040792474 0.41937167 0.0038854189 77.726311 0 0 0
 4 4 -4 4 0.9499273 10.055508 0.0035672591 0.45623278 0.0035083825 72.685095 0 0 0
 4 4 -3 4 1.0397924 9.1844955 0.0039265538 0.60261763 0.0039340613 76.257719 0 0 0
 4 4 -2 4 1.0979704 8.6968753 0.005562959 0.95581409 0.0056423171 90.767623 0 0 0
 4 4 -1 4 1.1030111 8.6570548 0.0056910276 0.99265639 0.0057797617 91.806489 0 0 0
 4 4 0 4 1.0527876 9.0708868 0.0043649539 0.69783445 0.0043401309 80.402188 0 0 0
 4 4 1 4 0.96656426 9.8819936 0.0036952355 0.50038621 0.0035191216 73.977406 0 0 0
 4 4 2 4 0.8682902 11.003722 0.0040161736 0.44035402 0.0038711147 77.123064 0 0 0
 4 4 3 4 0.77376557 12.3529 0.0036706294 0.32034271 0.0037526995 73.730691 0 0 0
 4 4 4 4 0.68974251 13.864685 0.0027438245 0.19061315 0.0027404322 63.746479 0 0 0
 4 4 5 4 0.61762024 15.493135 0.0021045883 0.11741972 0.002060772 55.829226 0 0 0
 4 6 -7 4 0.63964001 14.956675 0.0021382007 0.12499973 0.002083894 56.273285 0 0 0
 4 6 -6 4 0.70758318 13.513457 0.0028827515 0.20583537 0.0028193721 65.340377 0 0 0
 4 6 -5 4 0.78126976 12.233794 0.0051483575 0.44767536 0.0052352907 87.31973 0 0 0
 4 6 -4 4 0.85523737 11.172193 0.0087612033 0.91304586 0.0083059791 113.90949 0 0 0
 4 6 -3 4 0.91905494 10.394201 0.0046165386 0.55655616 0.0044410239 82.686816 0 0 0
 4 6 -2 4 0.95849278 9.9654195 0.0041107222 0.54085685 0.0038569121 78.025597 0 0 0
 4 6 -1 4 0.96184071 9.9306451 0.0055700763 0.74133758 0.0052679831 90.825669 0 0 0
 4 6 0 4 0.92799177 10.29383 0.010390448 1.2932333 0.0096037002 124.04954 0 0 0
 4 6 1 4 0.86731818 11.016092 0.005523237 0.60282938 0.0053107944 90.442982 0 0 0
 4 6 2 4 0.79420953 12.033731 0.0032716819 0.30030327 0.0030530684 69.608708 0 0 0
 4 6 3 4 0.71995956 13.2801 0.0029036225 0.21949851 0.0028497572 65.576482 0 0 0
 4 6 4 4 0.65081389 14.698452 0.0055155701 0.34132414 0.0054663426 90.380187 0 0 0
 4 8 -6 4 0.6509611 14.69511 0.0023050357 0.13990542 0.0022793766 58.42744 0 0 0
 4 8 -5 4 0.70694962 13.525624 0.003387368 0.24234991 0.0033343686 70.828692 0 0 0
 4 8 -4 4 0.7603397 12.571896 0.0035317683 0.29242719 0.0036236215 72.322617 0 0 0
 4 8 -3 4 0.8041335 11.884682 0.0030103664 0.2792548 0.0029901754 66.770974 0 0 0
 4 8 -2 4 0.83015231 11.510912 0.0029442243 0.29187361 0.0028491225 66.033372 0 0 0
 4 8 -1 4 0.83232458 11.480768 0.0039206049 0.39203275 0.0037839981 76.19993 0 0 0
 4 8 0 4 0.81009914 11.796851 0.004111059 0.39077375 0.0040121765 78.028793 0 0 0
 4 8 1 4 0.76879105 12.433145 0.0032061907 0.27532423 0.0032834282 68.908486 0 0 0
 4 8 2 4 0.71649357 13.344633 0.0023704561 0.17725528 0.0023731955 59.250769 0 0 0
 4 8 3 4 0.66055885 14.480441 0.0025367908 0.16156898 0.0025638615 61.294338 0 0 0
 4 10 -5 4 0.6366646 15.026977 0.0026618057 0.15518464 0.0025554149 62.78649 0 0 0
 4 10 -4 4 0.67482596 14.172709 0.0021287952 0.13951045 0.0021345884 56.149381 0 0 0
 4 10 -3 4 0.70488249 13.565475 0.0024716587 0.1769783 0.0024770823 60.502356 0 0 0
 4 10 -2 4 0.72221065 13.238521 0.0036390527 0.2741181 0.00355679 73.41287 0 0 0
 4 10 -1 4 0.7236396 13.212263 0.0034176756 0.25912765 0.0033513153 71.144848 0 0 0
 4 10 0 4 0.70889025 13.488424 0.0025155145 0.1835198 0.0024521025 61.036756 0 0 0
 4 10 1 4 0.68071357 14.049506 0.0022819796 0.15389477 0.0023619614 58.134496 0 0 0
 4 10 2 4 0.64360891 14.86392 0.0028770975 0.17383804 0.0027891292 65.276269 0 0 0
 4 12 -3 4 0.62228362 15.376325 0.002583944 0.14479561 0.0025366445 61.861377 0 0 0
 4 12 -2 4 0.63410921 15.087885 0.0022896839 0.13344812 0.0022303978 58.232548 0 0 0
 4 12 -1 4 0.63507576 15.064789 0.0030771344 0.18024586 0.0029869696 67.507382 0 0 0
 4 12 0 4 0.62503594 15.30821 0.0051393165 0.29221139 0.0050410943 87.243025 0 0 0
 5 1 -7 4 0.67970327 14.070495 0.0022444083 0.14700197 0.0023343186 -57.653936 0 0 0
 5 1 -6 4 0.7562042 12.640928 0.0026908083 0.2175856 0.0028837 -63.127619 0 0 0
 5 1 -5 4 0.8389478 11.389831 0.004043165 0.4017764 0.0038163075 -77.381789 0 0 0
 5 1 -4 4 0.92029709 10.380133 0.0046796009 0.5596353 0.0044298302 -83.249655 0 0 0
 5 1 -3 4 0.98605259 9.6862148 0.0039992623 0.55042202 0.0040240957 -76.960517 0 0 0
 5 1 -2 4 1.0184357 9.3775221 0.003756006 0.55422271 0.0037364253 -74.583227 0 0 0
 5 1 -1 4 1.0062508 9.491335 0.0046319226 0.67162771 0.0046004004 -82.824473 0 0 0
 5 1 0 4 0.95391277 10.013388 0.0048876549 0.64108236 0.0046439772 -85.080161 0 0 0
 5 1 1 4 0.87767733 10.885675 0.0038592727 0.43080759 0.0038439289 -75.601561 0 0 0
 5 1 2 4 0.79424468 12.033197 0.0029894004 0.27434361 0.0027875755 -66.538052 0 0 0
 5 1 3 4 0.7142595 13.386563 0.0028712869 0.21371027 0.0029121872 -65.21032 0 0 0
 5 1 4 4 0.64243718 14.891184 0.0027537115 0.16618624 0.0026806404 -63.861227 0 0 0
 5 3 -7 4 0.66399973 14.405004 0.0053688221 0.33610875 0.0052724374 -89.169748 0 0 0
 5 3 -6 4 0.73475439 13.011528 0.0028773527 0.22007554 0.0029744266 -65.279164 0 0 0
 5 3 -5 4 0.80994025 11.799173 0.0034272502 0.31814431 0.0033434936 -71.244434 0 0 0
 5 3 -4 4 0.88240123 10.827225 0.0057271498 0.63126324 0.005803012 -92.097386 0 0 0
 5 3 -3 4 0.93985563 10.163547 0.010370884 1.3000569 0.0097087367 -123.9327 0 0 0
 5 3 -2 4 0.96777003 9.8696508 0.0053587311 0.71555957 0.0051441724 -89.085909 0 0 0
 5 3 -1 4 0.95729657 9.9779035 0.0040394167 0.53092418 0.003792643 -77.345911 0 0 0
 5 3 0 4 0.911901 10.475971 0.0047740208 0.57275075 0.0046692822 -84.085321 0 0 0
 5 3 1 4 0.84462409 11.313035 0.0089595975 0.92668487 0.0085393669 -115.19199 0 0 0
 5 3 2 4 0.76949975 12.421649 0.0050174776 0.43234164 0.0051005229 -86.202677 0 0 0
 5 3 3 4 0.69610209 13.737404 0.0026793873 0.18945835 0.0025366794 -62.993507 0 0 0
 5 3 4 4 0.62912872 15.208032 0.0021147772 0.12242076 0.0020763702 -55.964206 0 0 0
 5 5 -7 4 0.6356039 15.052199 0.0023015466 0.13240152 0.0022274913 -58.383204 0 0 0
 5 5 -6 4 0.69681717 13.723239 0.0023356283 0.16120821 0.0022235244 -58.81389 0 0 0
 5 5 -5 4 0.75994184 12.578505 0.0030723665 0.25204228 0.0031612239 -67.455062 0 0 0
 5 5 -4 4 0.81882316 11.670725 0.0040875179 0.3895745 0.0042054756 -77.805065 0 0 0
 5 5 -3 4 0.86410522 11.05718 0.0039405002 0.41926506 0.0038738214 -76.393025 0 0 0
 5 5 -2 4 0.88564964 10.787394 0.0033669072 0.37784085 0.0034964306 -70.614454 0 0 0
 5 5 -1 4 0.87760136 10.88662 0.0033912766 0.37555058 0.0033772019 -70.869544 0 0 0
 5 5 0 4 0.84223011 11.345297 0.004017648 0.41181033 0.0038474231 -77.137219 0 0 0
 5 5 1 4 0.78836942 12.123208 0.0037643508 0.33951882 0.0036801401 -74.666033 0 0 0
 5 5 2 4 0.72624057 13.164735 0.0028880048 0.22178924 0.0028837818 -65.399885 0 0 0
 5 5 3 4 0.66358884 14.413971 0.0022724747 0.14609598 0.0022380804 -58.013299 0 0 0
 5 7 -6 4 0.64953161 14.72763 0.0022019003 0.13260306 0.0022308397 -57.105358 0 0 0
 5 7 -5 4 0.69973829 13.665677 0.0035327807 0.24684253 0.0034305063 -72.332982 0 0 0
 5 7 -4 4 0.74488764 12.833774 0.0035405499 0.28059549 0.0037144376 -72.412476 0 0 0
 5 7 -3 4 0.77848906 12.27766 0.0027417758 0.23786285 0.002862301 -63.722676 0 0 0
 5 7 -2 4 0.79413211 12.034909 0.002777786 0.25160877 0.0025965101 -64.139774 0 0 0
 5 7 -1 4 0.78831437 12.124058 0.0038747763 0.34723106 0.0037888777 -75.753264 0 0 0
 5 7 0 4 0.76237885 12.538135 0.0037951017 0.31936158 0.0039380466 -74.970385 0 0 0
 5 7 1 4 0.72174075 13.247179 0.0027436246 0.20766583 0.0026802751 -63.744157 0 0 0
 5 7 2 4 0.67316352 14.20789 0.0022097573 0.1459399 0.0022376284 -57.207151 0 0 0
 5 7 3 4 0.62236824 15.374222 0.0025516574 0.1444124 0.0025047473 -61.473681 0 0 0
 5 9 -5 4 0.6380033 14.995264 0.0023676193 0.13818308 0.0022688591 -59.215305 0 0 0
 5 9 -4 4 0.67166567 14.239739 0.0038277919 0.24783346 0.0039031253 -75.292582 0 0 0
 5 9 -3 4 0.69598841 13.739659 0.0061933358 0.43138271 0.0058602036 -95.772395 0 0 0
 5 9 -2 4 0.70709893 13.522754 0.0034394245 0.24794441 0.003379827 -71.370859 0 0 0
 5 9 -1 4 0.70298266 13.602309 0.0026832721 0.19179408 0.0026582549 -63.039157 0 0 0
 5 9 0 4 0.68440471 13.973355 0.0032185225 0.21875979 0.003309279 -69.040878 0 0 0
 5 9 1 4 0.65454801 14.61414 0.0056726686 0.35372345 0.0055980895 -91.658287 0 0 0
 5 9 2 4 0.61766683 15.491959 0.0034514886 0.192164 0.0033818846 -71.495919 0 0 0
 5 11 -3 4 0.62228699 15.376241 0.0028523517 0.15950042 0.0027999863 -64.994944 0 0 0
 5 11 -2 4 0.63019032 15.182262 0.0021822479 0.12541915 0.002140696 -56.849948 0 0 0
 5 11 -1 4 0.62727115 15.253335 0.001800754 0.10279552 0.0017682563 -51.642258 0 0 0
 6 0 -7 2 0.64388563 14.857496 0.0019741313 0.11597301 0.0019169017 76.468232 0 0 0
 6 0 -6 2 0.702331 13.614989 0.0030407742 0.21217774 0.0029958674 94.904131 0 0 0
 6 0 -5 2 0.76019547 12.574291 0.0016382308 0.13386672 0.0016822083 69.659535 0 0 0
 6 0 -4 2 0.81073705 11.787536 0.0016723958 0.15563209 0.0016374775 70.382156 0 0 0
 6 0 -3 2 0.84508764 11.306809 0.0025085561 0.25446334 0.0023908173 86.199538 0 0 0
 6 0 -2 2 0.85532274 11.171075 0.0045149684 0.47145757 0.0042803129 115.64328 0 0 0
 6 0 -1 2 0.83875142 11.392506 0.0024143242 0.24383322 0.0022777765 84.565034 0 0 0
 6 0 0 2 0.7996524 11.951524 0.0016068293 0.14833572 0.001543664 68.98869 0 0 0
 6 0 1 2 0.74657684 12.804615 0.0016671876 0.13480499 0.001718839 70.272478 0 0 0
 6 0 2 2 0.68806429 13.898668 0.0031337427 0.2160648 0.0031899792 96.344006 0 0 0
 6 0 3 2 0.63016513 15.182872 0.0019535011 0.1133299 0.0019163611 76.067626 0 0 0
 6 2 -7 4 0.6370816 15.017084 0.0028358374 0.16321793 0.0027158842 64.806519 0 0 0
 6 2 -6 4 0.69352728 13.788653 0.0024928059 0.16975806 0.002403558 60.76063 0 0 0
 6 2 -5 4 0.7490673 12.761865 0.0025664888 0.20382308 0.0026391622 61.652078 0 0 0
 6 2 -4 4 0.79727885 11.987234 0.0034815133 0.31364003 0.0032176112 71.806219 0 0 0
 6 2 -3 4 0.82987787 11.514731 0.0042021357 0.41144708 0.0040754049 78.888386 0 0 0
 6 2 -2 4 0.83956393 11.381444 0.0036239143 0.36488865 0.0034312766 73.260013 0 0 0
 6 2 -1 4 0.82387525 11.598912 0.0030072671 0.29320981 0.0030359301 66.736594 0 0 0
 6 2 0 4 0.78673002 12.148565 0.0031612622 0.28258685 0.003127883 68.423974 0 0 0
 6 2 1 4 0.7360279 12.988918 0.0034595855 0.2719516 0.0035500625 71.579732 0 0 0
 6 2 2 4 0.67978001 14.068898 0.0029407459 0.19793862 0.0030574147 65.994355 0 0 0
 6 2 3 4 0.62378261 15.339152 0.0021847399 0.12420755 0.0021424774 56.882398 0 0 0
 6 4 -6 4 0.66897845 14.297236 0.0020868954 0.13255772 0.0021029534 55.594058 0 0 0
 6 4 -5 4 0.71840344 13.308996 0.0024238931 0.17753703 0.0023979018 59.91489 0 0 0
 6 4 -4 4 0.76059988 12.567578 0.0037314167 0.30678107 0.0038252698 74.338691 0 0 0
 6 4 -3 4 0.78874635 12.117393 0.0039782714 0.35278323 0.0038863116 76.75828 0 0 0
 6 4 -2 4 0.79704828 11.990715 0.0030300746 0.27557102 0.0027920222 66.989185 0 0 0
 6 4 -1 4 0.78358735 12.197473 0.0026735011 0.23617355 0.0026778568 62.924275 0 0 0
 6 4 0 4 0.7514247 12.721663 0.003369964 0.27510915 0.0035196092 70.646502 0 0 0
 6 4 1 4 0.70687672 13.527025 0.0034526776 0.25051489 0.003401605 71.508233 0 0 0
 6 4 2 4 0.65661456 14.567896 0.0025529354 0.1604056 0.0025895917 61.489073 0 0 0
 6 6 -6 4 0.63328487 15.107639 0.0049973569 0.28547491 0.0048783542 86.029662 0 0 0
 6 6 -5 4 0.67472512 14.174838 0.0027272918 0.1768803 0.0027352763 63.554138 0 0 0
 6 6 -4 4 0.70931758 13.48026 0.0027523774 0.19756039 0.0026906134 63.845755 0 0 0
 6 6 -3 4 0.73198027 13.061055 0.0040913038 0.31357857 0.0042829242 77.841088 0 0 0
 6 6 -2 4 0.7386011 12.943473 0.0070085591 0.54898212 0.0072445133 101.88081 0 0 0
 6 6 -1 4 0.7278513 13.135473 0.0038954728 0.29758431 0.0039109929 75.955307 0 0 0
 6 6 0 4 0.70185843 13.6242 0.0026389383 0.18825225 0.0025917351 62.516211 0 0 0
 6 6 1 4 0.66514858 14.379992 0.0028138987 0.18098075 0.0027447884 64.555353 0 0 0
 6 6 2 4 0.62276619 15.364338 0.0051835194 0.29323023 0.0050866117 87.617407 0 0 0
 6 8 -5 4 0.625104 15.306533 0.0019501814 0.10903549 0.0019131246 53.742212 0 0 0
 6 8 -4 4 0.6523108 14.664537 0.0022335598 0.13617144 0.0021870003 57.51443 0 0 0
 6 8 -3 4 0.66980614 14.279477 0.0030742471 0.19808107 0.003122763 67.475703 0 0 0
 6 8 -2 4 0.6748679 14.171824 0.0030624467 0.20094548 0.0030706196 67.346077 0 0 0
 6 8 -1 4 0.66663812 14.347692 0.002386602 0.15334897 0.002336506 59.452215 0 0 0
 6 8 0 4 0.64649531 14.797185 0.002048003 0.12420719 0.0020688837 55.073582 0 0 0
 6 8 1 4 0.61746579 15.497034 0.0024707195 0.13715083 0.0024176686 60.49086 0 0 0
 7 1 -6 4 0.64300545 14.877949 0.0029213619 0.17121127 0.0028328258 -65.776493 0 0 0
 7 1 -5 4 0.68154883 14.032202 0.0023166321 0.15261052 0.0023911565 -58.574227 0 0 0
 7 1 -4 4 0.71159633 13.436893 0.0023137075 0.16648307 0.0023304256 -58.537243 0 0 0
 7 1 -3 4 0.72840901 13.125371 0.0032455271 0.24554022 0.0032759144 -69.329913 0 0 0
 7 1 -2 4 0.72884524 13.117481 0.0036386563 0.27686479 0.0036958267 -73.408872 0 0 0
 7 1 -1 4 0.71281854 13.413748 0.0028215089 0.20638554 0.0028610899 -64.64259 0 0 0
 7 1 0 4 0.68334098 13.995216 0.0022261839 0.15038724 0.0022890589 -57.419387 0 0 0
 7 1 1 4 0.64511446 14.829036 0.0024759775 0.14973185 0.0024471577 -60.555191 0 0 0
 7 3 -6 4 0.62966237 15.195066 0.0035781061 0.20138863 0.0035117234 -72.795518 0 0 0
 7 3 -5 4 0.66571998 14.367585 0.005617647 0.35362957 0.0054752624 -91.212688 0 0 0
 7 3 -4 4 0.69363621 13.786478 0.0030842071 0.21118701 0.0029693709 -67.58492 0 0 0
 7 3 -3 4 0.70918006 13.482886 0.0026829337 0.19267027 0.0026197499 -63.03518 0 0 0
 7 3 -2 4 0.70958264 13.475202 0.0036148187 0.26100697 0.003543457 -73.168019 0 0 0
 7 3 -1 4 0.69476805 13.76391 0.006364251 0.44264359 0.0060392644 -97.084899 0 0 0
 7 3 0 4 0.66738984 14.331447 0.003671848 0.23675684 0.0036241138 -73.742929 0 0 0
 7 3 1 4 0.63164239 15.147154 0.0021788942 0.12638062 0.0021334942 -56.806247 0 0 0
 7 5 -5 4 0.63711226 15.016357 0.0023890859 0.13813396 0.0022877565 -59.483144 0 0 0
 7 5 -4 4 0.66145157 14.460793 0.0021272561 0.13282245 0.0021287767 -56.12908 0 0 0
 7 5 -3 4 0.67488933 14.171372 0.0025138746 0.16390235 0.0025205365 -61.016858 0 0 0
 7 5 -2 4 0.67523625 14.164053 0.0031429813 0.20593163 0.0031529375 -68.225846 0 0 0
 7 5 -1 4 0.66243283 14.439259 0.0028379748 0.17973479 0.0028167639 -64.830938 0 0 0
 7 5 0 4 0.6385755 14.981751 0.0021725258 0.12840562 0.0020923004 -56.723172 0 0 0
 7 7 -3 4 0.63166222 15.146676 0.0029259215 0.16764878 0.002864869 -65.827804 0 0 0
 7 7 -2 4 0.63194664 15.139819 0.0030234072 0.17398427 0.0029590231 -66.915442 0 0 0
 7 7 -1 4 0.62141425 15.397967 0.0020797096 0.11615997 0.0020427896 -55.498262 0 0 0
 8 0 -4 2 0.63381573 15.094912 0.0026107762 0.14955131 0.0025452661 87.938257 0 0 0
 8 0 -3 2 0.64147068 14.913747 0.0014675086 0.086402663 0.0014393752 65.930044 0 0 0
 8 0 -2 2 0.63770322 15.002361 0.0010961433 0.064051313 0.0010490645 56.980557 0 0 0
 8 0 -1 2 0.62309464 15.356191 0.0013504752 0.075681847 0.0013248916 63.246478 0 0 0
 8 2 -4 4 0.62732278 15.252072 0.0022223504 0.12478493 0.0021824985 57.369927 0 0 0
 8 2 -3 4 0.63474213 15.072753 0.0019308615 0.11137386 0.0018769302 53.475346 0 0 0
 8 2 -2 4 0.63109131 15.160459 0.0023908947 0.13689089 0.0023428481 59.505657 0 0 0
