 1 1 1 8 2.4140747 3.9525038 0.0051223079 4.3097986 0.0049347302 25.303922 0 0 0
 2 0 0 6 2.09065 4.5642601 0.024066203 15.1896 0.0075238939 63.332724 0 0 0
 2 2 0 12 1.4783128 6.4565475 0.03078435 9.7226332 0.032851827 50.649408 0 0 0
 2 2 2 8 1.2070373 7.9097196 0.0145531 3.0666475 0.0079461148 42.651348 0 0 0
 3 1 1 24 1.2607094 7.572478 0.012549501 2.8842764 0.01063867 22.866917 0 0 0
 3 3 1 24 0.95925601 9.9574706 0.0090033042 1.1998976 0.004101391 19.368471 0 0 0
 3 3 3 8 0.80469156 11.876411 0.002180963 0.20486859 0.0044064564 16.51122 0 0 0
 4 0 0 6 1.045325 9.1357814 0.0082473935 1.3044654 0.0040350867 37.075134 0 0 0
 4 2 0 24 0.9349671 10.216828 0.026028579 3.2961205 0.033200123 32.932114 0 0 0
 4 2 2 24 0.85350429 11.194952 0.021178978 2.2367823 0.014016607 29.706185 0 0 0
 4 4 0 12 0.7391564 12.933707 0.0074634576 0.59212911 0.0063357231 24.939022 0 0 0
 4 4 2 24 0.69688333 13.72193 0.012807841 0.90395909 0.010702388 23.101083 0 0 0
 5 1 1 24 0.80469156 11.876411 0.0065428906 0.61460591 0.013219372 16.511222 0 0 0
 5 3 1 48 0.7067687 13.529102 0.0098111261 0.71209653 0.0087144207 14.296799 0 0 0
 5 3 3 24 0.63764227 15.003803 0.0037847845 0.22395471 0.0048289856 12.55784 0 0 0
 6 0 0 6 0.69688333 13.72193 0.0032019598 0.22598974 0.0026755967 23.101081 0 0 0
 6 2 0 24 0.66112158 14.46805 0.011104575 0.70593858 0.011857871 21.510245 0 0 0
 6 2 2 24 0.63035469 15.178279 0.0097082522 0.56151771 0 20.112447 0 0 0
