 0 0 1 2 4.7569916 2.0055184 0.051843853 169.30121 0.011753644 161.00288 0 0 0
 0 0 2 2 2.3784958 4.0116515 0.016527134 13.498952 0.0058345518 90.904164 0 0 0
 0 0 3 2 1.5856639 6.0190155 0.020668288 7.5085773 0.0053714203 101.65699 0 0 0
 0 0 4 2 1.1892479 8.0282301 0.043747305 8.949408 0.020589338 147.89744 0 0 0
 0 0 5 2 0.95139833 10.03992 0.022059882 2.8922011 0.006299264 105.02352 0 0 0
 0 0 6 2 0.79283194 12.054718 0.010429059 0.95114432 0.0090245388 72.2117 0 0 0
 0 0 7 2 0.67957023 14.073263 0.0064172631 0.43085736 0.010508716 56.644784 0 0 0
 0 2 0 2 4.397 2.1697333 0.034377326 95.916735 0.010221913 131.10554 0 0 0
 0 2 1 4 3.2289236 2.9547941 0.059818852 90.018033 0.021142441 122.28946 0 0 0
 0 2 2 4 2.092032 4.5612432 0.044573725 28.170285 0.014968497 105.56245 0 0 0
 0 2 3 4 1.4916343 6.398825 0.036271028 11.662551 0.017867002 95.224771 0 0 0
 0 2 4 4 1.1479992 8.3171908 0.031113579 5.9321154 0.013496967 88.195208 0 0 0
 0 2 5 4 0.9298798 10.272873 0.026102506 3.2697522 0.0071400785 80.78135 0 0 0
 0 2 6 4 0.78024949 12.249852 0.019663664 1.7371974 0.017132668 70.113594 0 0 0
 0 2 7 4 0.67159646 14.241214 0.014711776 0.96488579 0.0098177614 60.646054 0 0 0
 0 4 0 2 2.1985 4.340245 0.021503894 15.007666 0.014889656 103.6916 0 0 0
 0 4 1 4 1.9956751 4.7815981 0.046706933 26.864003 0.021525387 108.05893 0 0 0
 0 4 2 4 1.6144618 5.9115552 0.046681958 17.579814 0.016207689 108.03004 0 0 0
 0 4 3 4 1.2860592 7.4230041 0.033506315 8.0129401 0.016105411 91.523651 0 0 0
 0 4 4 4 1.046016 9.1297332 0.025090372 3.9737004 0.011399297 79.199703 0 0 0
 0 4 5 4 0.87314697 10.942328 0.022585522 2.4958551 0.010174158 75.142401 0 0 0
 0 4 6 4 0.74581715 12.817712 0.020701561 1.6719447 0.013948885 71.940186 0 0 0
 0 4 7 4 0.64926037 14.733817 0.015082707 0.92501419 0.027827633 61.405836 0 0 0
 0 6 0 2 1.4656667 6.512316 0.059171322 18.370243 0.010169132 172.00483 0 0 0
 0 6 1 4 1.4006897 6.8147661 0.05411662 15.346682 0.01563652 116.3149 0 0 0
 0 6 2 4 1.2477841 7.6510346 0.030519414 6.8715596 0.0072460756 87.349033 0 0 0
 0 6 3 4 1.0763079 8.8722619 0.030555295 5.1226424 0.008777992 87.400365 0 0 0
 0 6 4 4 0.92348707 10.344179 0.0593833 7.3371828 0.018273156 121.84344 0 0 0
 0 6 5 4 0.7980134 11.97616 0.033981015 3.1395283 0.0094751612 92.169701 0 0 0
 0 6 6 4 0.69734401 13.712822 0.017102513 1.2086558 0.013193965 65.388289 0 0 0
 0 8 0 2 1.09925 8.6867321 0.01774498 3.102766 0.016017265 94.193896 0 0 0
 0 8 1 4 1.0710263 8.9161018 0.029676235 4.9267048 0.021013549 86.133958 0 0 0
 0 8 2 4 0.99783755 9.5715473 0.020850103 3.0059114 0.012186271 72.197824 0 0 0
 0 8 3 4 0.90339925 10.574839 0.021661206 2.5616835 0.022539159 73.588733 0 0 0
 0 8 4 4 0.8072309 11.838917 0.023570067 2.2279724 0.027434982 76.762731 0 0 0
 0 8 5 4 0.71937737 13.290896 0.020147086 1.514555 0.008061083 70.970216 0 0 0
 0 8 6 4 0.64302958 14.877387 0.012966052 0.78013847 0.013008057 56.934287 0 0 0
 0 10 0 2 0.8794 10.864287 0.0097309916 1.0907277 0.00768425 69.753106 0 0 0
 0 10 1 4 0.86474777 11.048939 0.021922347 2.3763991 0.027088032 74.030985 0 0 0
 0 10 2 4 0.8248283 11.585464 0.02542004 2.5081773 0.010241087 79.718316 0 0 0
 0 10 3 4 0.76904756 12.428981 0.019441503 1.6688887 0.012162416 69.716395 0 0 0
 0 10 4 4 0.70708145 13.52309 0.01456334 1.0579438 0.013655275 60.339333 0 0 0
 0 10 5 4 0.64578472 14.813559 0.014205273 0.86197688 0.010522481 59.592938 0 0 0
 0 12 0 2 0.73283333 13.045785 0.020319124 1.5847744 0.019261027 100.79465 0 0 0
 0 12 1 4 0.72428909 13.200362 0.023603847 1.7985648 0.01225489 76.817717 0 0 0
 0 12 2 4 0.70034486 13.653784 0.016296897 1.1615837 0.0074893312 63.829651 0 0 0
 0 12 3 4 0.66522503 14.378331 0.016415788 1.0564724 0.0081484175 64.062056 0 0 0
 0 12 4 4 0.62389203 15.336446 0.029476345 1.6704182 0 85.843382 0 0 0
 0 14 0 2 0.62814286 15.232042 0.0096390488 0.55364407 0 69.422795 0 0 0
 0 14 1 4 0.62273723 15.365057 0.014864346 0.83927214 0 60.959712 0 0 0
 1 1 -7 4 0.70498733 13.563448 0.015526895 1.1213162 0.010162043 -62.303482 0 0 0
 1 1 -6 4 0.82547554 11.576349 0.019917427 1.9683079 0.0072895006 -70.564557 0 0 0
 1 1 -5 4 0.99433361 9.6053557 0.028242614 4.0432273 0.024143551 -84.027695 0 0 0
 1 1 -4 4 1.2464058 7.6595077 0.035218991 7.9122177 0.0089496642 -93.833617 0 0 0
 1 1 -3 4 1.6566983 5.7607149 0.039078758 15.495591 0.010107243 -98.84174 0 0 0
 1 1 -2 4 2.4016238 3.973003 0.047279822 39.371178 0.01340332 -108.71962 0 0 0
 1 1 -1 4 3.7584996 2.5383873 0.064083183 130.65053 0.021572983 -126.57328 0 0 0
 1 1 0 4 4.2038498 2.2694367 0.066087097 168.54961 0.01757295 -128.53705 0 0 0
 1 1 1 4 2.7653916 3.4502126 0.052860213 58.353992 0.021667843 -114.95674 0 0 0
 1 1 2 4 1.8464022 5.1684202 0.043746672 21.541257 0.020733036 -104.57852 0 0 0
 1 1 3 4 1.3554835 7.0423248 0.036679418 9.742335 0.022363889 -95.759358 0 0 0
 1 1 4 4 1.0638351 8.9764958 0.02808527 4.6003679 0.027668785 -83.793303 0 0 0
 1 1 5 4 0.8732714 10.940764 0.021905897 2.4214387 0.010127913 -74.003204 0 0 0
 1 1 6 4 0.73974943 12.923294 0.01846464 1.4672676 0.017918163 -67.942328 0 0 0
 1 1 7 4 0.64125499 14.918792 0.015547902 0.93037036 0.022236364 -62.345614 0 0 0
 1 3 -7 4 0.68753447 13.909432 0.034228639 2.351892 0.021829774 -92.504918 0 0 0
 1 3 -6 4 0.79783478 11.978851 0.017798112 1.6436472 0.0048692171 -66.704782 0 0 0
 1 3 -5 4 0.94707984 10.085819 0.02554364 3.3187293 0.01528337 -79.911889 0 0 0
 1 3 -4 4 1.156906 8.2530471 0.053058416 10.273283 0.014068721 -115.17206 0 0 0
 1 3 -3 4 1.4620882 6.5282721 0.11650224 35.993002 0.017243989 -170.66212 0 0 0
 1 3 -2 4 1.9006351 5.0208483 0.052530273 27.406631 0.020968671 -114.59742 0 0 0
 1 3 -1 4 2.3956879 3.9828511 0.032556048 26.976528 0.0073171874 -90.216473 0 0 0
 1 3 0 4 2.4997472 3.8169906 0.071218812 64.247968 0.017286894 -133.43426 0 0 0
 1 3 1 4 2.066317 4.6180378 0.17045433 105.09601 0.040871199 -206.43058 0 0 0
 1 3 2 4 1.5875603 6.0118188 0.067526803 24.590429 0.017086148 -129.9296 0 0 0
 1 3 3 4 1.242535 7.6834048 0.030747165 6.864846 0.016676704 -87.674347 0 0 0
 1 3 4 4 1.0065447 9.488558 0.025746758 3.7766845 0.011917114 -80.228981 0 0 0
 1 3 5 4 0.84073841 11.365492 0.050380053 5.1635874 0.026366395 -112.22751 0 0 0
 1 3 6 4 0.71966016 13.28565 0.030959088 2.3291638 0.012504697 -87.975974 0 0 0
 1 3 7 4 0.62803635 15.23464 0.014596137 0.83808573 0 -60.407237 0 0 0
 1 5 -7 4 0.65619511 14.577258 0.015464362 0.96861902 0.009068036 -62.177893 0 0 0
 1 5 -6 4 0.74997718 12.746318 0.016442538 1.3427301 0.0076937515 -64.114231 0 0 0
 1 5 -5 4 0.86980523 10.984497 0.020883667 2.2902382 0.0084521151 -72.255912 0 0 0
 1 5 -4 4 1.0238054 9.328229 0.030338598 4.6036515 0.021770999 -87.089894 0 0 0
 1 5 -3 4 1.2174447 7.8419968 0.035692643 7.6511458 0.010152524 -94.462483 0 0 0
 1 5 -2 4 1.4378196 6.6385836 0.034463449 10.297416 0.015469997 -92.821669 0 0 0
 1 5 -1 4 1.6198071 5.8920302 0.033750834 12.794312 0.012731765 -91.857001 0 0 0
 1 5 0 4 1.650862 5.7810981 0.042991603 16.927375 0.012801053 -103.67208 0 0 0
 1 5 1 4 1.505669 6.3391187 0.045053612 14.759954 0.014762819 -106.12918 0 0 0
 1 5 2 4 1.2870703 7.4171642 0.035339936 8.4647126 0.014754145 -93.994596 0 0 0
 1 5 3 4 1.0817249 8.8277434 0.024914159 4.2189206 0.0069428949 -78.921098 0 0 0
 1 5 4 4 0.91518789 10.438242 0.02239062 2.7172053 0.018614231 -74.817478 0 0 0
 1 5 5 4 0.78527711 12.171127 0.021298949 1.9058551 0.0093122599 -72.970798 0 0 0
 1 5 6 4 0.68394906 13.982711 0.018042959 1.2269533 0.012540461 -67.162042 0 0 0
 1 7 -6 4 0.69200816 13.81907 0.016473474 1.1465811 0.0049687736 -64.174516 0 0 0
 1 7 -5 4 0.78275383 12.210511 0.023432506 2.0833915 0.013366448 -76.538398 0 0 0
 1 7 -4 4 0.88932739 10.742653 0.023372429 2.6789827 0.02891051 -76.44022 0 0 0
 1 7 -3 4 1.0075721 9.4788603 0.022856819 3.359596 0.0082597749 -75.592359 0 0 0
 1 7 -2 4 1.1222099 8.5086747 0.02843057 5.1804035 0.019625009 -84.306835 0 0 0
 1 7 -1 4 1.2025776 7.9390994 0.038064861 7.9620543 0.01529828 -97.551091 0 0 0
 1 7 0 4 1.215123 7.8570039 0.033369289 7.1259144 0.011521675 -91.336314 0 0 0
 1 7 1 4 1.1535903 8.2768097 0.026678784 5.1361128 0.0068465542 -81.668206 0 0 0
 1 7 2 4 1.0459858 9.1299973 0.026147714 4.1409191 0.011882489 -80.851274 0 0 0
 1 7 3 4 0.9265031 10.310415 0.027942259 3.4749383 0.0058285791 -83.579692 0 0 0
 1 7 4 4 0.81533635 11.720809 0.021618203 2.084493 0.022391497 -73.51565 0 0 0
 1 7 5 4 0.71944695 13.289605 0.015679467 1.1789287 0.0062726387 -62.60884 0 0 0
 1 7 6 4 0.63912853 14.968713 0.013766919 0.81839038 0.021406879 -58.666257 0 0 0
 1 9 -6 4 0.63220099 15.133692 0.012646197 0.73569911 0.017260234 -56.227655 0 0 0
 1 9 -5 4 0.69913014 13.677621 0.016862516 1.1977632 0.0097614026 -64.927875 0 0 0
 1 9 -4 4 0.77193858 12.382251 0.030178628 2.6099781 0.014745781 -86.859985 0 0 0
 1 9 -3 4 0.84551268 11.301107 0.051674849 5.3563184 0.015506885 -113.66051 0 0 0
 1 9 -2 4 0.90990175 10.499054 0.027639996 3.315766 0.010142552 -83.126403 0 0 0
 1 9 -1 4 0.95119201 10.042104 0.024472706 3.2071527 0.0070110223 -78.218773 0 0 0
 1 9 0 4 0.95736371 9.977202 0.032536825 4.3192549 0.018618268 -90.189835 0 0 0
 1 9 1 4 0.92639005 10.311676 0.060772578 7.5559256 0.012848049 -123.26047 0 0 0
 1 9 2 4 0.86783068 11.009567 0.033060051 3.6092132 0.013526849 -90.912115 0 0 0
 1 9 3 4 0.7958761 12.00844 0.019899694 1.8287647 0.0066794373 -70.533137 0 0 0
 1 9 4 4 0.72205285 13.241427 0.017163638 1.2998247 0.006432269 -65.505033 0 0 0
 1 9 5 4 0.65291646 14.650859 0.031991979 1.9840249 0.022936381 -89.431509 0 0 0
 1 11 -5 4 0.62461804 15.318513 0.011234056 0.63810067 0 -52.995415 0 0 0
 1 11 -4 4 0.67490606 14.171019 0.018577399 1.2303606 0.028778815 -68.149466 0 0 0
 1 11 -3 4 0.72243186 13.23445 0.02177878 1.6510557 0.0082911109 -73.788177 0 0 0
 1 11 -2 4 0.76136968 12.55482 0.017686036 1.4882126 0.022966285 -66.494428 0 0 0
 1 11 -1 4 0.78507064 12.17434 0.014519758 1.2985658 0.0064192047 -60.248979 0 0 0
 1 11 0 4 0.78852987 12.120732 0.020268465 1.8286165 0.010667144 -71.18368 0 0 0
 1 11 1 4 0.77095123 12.398171 0.02439402 2.1043385 0.010019553 -78.092925 0 0 0
 1 11 2 4 0.73620502 12.98578 0.019566429 1.5400514 0.018618247 -69.940026 0 0 0
 1 11 3 4 0.69072891 13.844789 0.012434226 0.86226946 0.0048287934 -55.754431 0 0 0
 1 11 4 4 0.64080275 14.929381 0.012912292 0.77157803 0.018834998 -56.816133 0 0 0
 1 13 -3 4 0.62786033 15.238937 0.011676407 0.67006733 0 -54.028713 0 0 0
 1 13 -2 4 0.65291746 14.650837 0.01465285 0.90871866 0.010504396 -60.524479 0 0 0
 1 13 -1 4 0.66768043 14.325177 0.019426109 1.2593806 0.012745576 -69.688788 0 0 0
 1 13 0 4 0.66980448 14.279513 0.016261059 1.0608576 0.010638998 -63.759429 0 0 0
 1 13 1 4 0.65892992 14.516431 0.012951128 0.81792158 0.011070107 -56.901512 0 0 0
 1 13 2 4 0.63683848 15.02285 0.013558864 0.80030632 0.017491432 -58.221268 0 0 0
 2 0 -8 2 0.62955839 15.197591 0.0074945709 0.43239533 0 61.215075 0 0 0
 2 0 -7 2 0.72165611 13.24874 0.015509879 1.1733016 0.0060100902 88.062136 0 0 0
 2 0 -6 2 0.84345169 11.328811 0.025004943 2.5793105 0.0099752334 111.81445 0 0 0
 2 0 -5 2 1.0103955 9.452313 0.012837857 1.8975183 0.0052773755 80.118215 0 0 0
 2 0 -4 2 1.2482631 7.6480939 0.015676851 3.5324061 0.0037296108 88.534883 0 0 0
 2 0 -3 2 1.5963406 5.9787223 0.034391896 12.66281 0.013878274 131.13332 0 0 0
 2 0 -2 2 2.0786652 4.5905898 0.085357539 53.258763 0.014559225 206.58841 0 0 0
 2 0 -1 2 2.5091415 3.8026944 0.034841653 31.667935 0.010114591 131.98798 0 0 0
 2 0 0 2 2.3930648 3.9872188 0.016078544 13.293828 0.0035635862 89.661987 0 0 0
 2 0 1 2 1.8939404 5.0386073 0.026733694 13.849786 0.0084606746 115.61508 0 0 0
 2 0 2 2 1.4565892 6.5529451 0.058675114 17.991613 0.018364691 171.2821 0 0 0
 2 0 3 2 1.1529645 8.2813097 0.026226763 5.0436294 0.0072933375 114.51367 0 0 0
 2 0 4 2 0.94424877 10.116137 0.012434681 1.6059556 0.015380097 78.850115 0 0 0
 2 0 5 2 0.79574215 12.010469 0.00885869 0.8138335 0.0031078052 66.553325 0 0 0
 2 0 6 2 0.68593911 13.941943 0.017360229 1.1873545 0.012013416 93.167131 0 0 0
 2 2 -8 4 0.62320289 15.353507 0.01517205 0.85791569 0 61.587438 0 0 0
 2 2 -7 4 0.71212857 13.426804 0.019223173 1.4163203 0.027955039 69.32383 0 0 0
 2 2 -6 4 0.82834916 11.536053 0.020316734 2.0217 0.0076876698 71.268391 0 0 0
 2 2 -5 4 0.98473086 9.6992468 0.023191771 3.2565525 0.021362344 76.144223 0 0 0
 2 2 -4 4 1.2008119 7.950792 0.031708214 6.6130147 0.010041636 89.034002 0 0 0
 2 2 -3 4 1.5005117 6.3609291 0.043760884 14.238551 0.015171464 104.59551 0 0 0
 2 2 -2 4 1.8792498 5.0780212 0.047027862 23.987353 0.011438255 108.42954 0 0 0
 2 2 -1 4 2.1792768 4.3785484 0.04393606 30.129682 0.012912091 104.80465 0 0 0
 2 2 0 4 2.1019249 4.5397641 0.044142728 28.162161 0.028798758 105.05085 0 0 0
 2 2 1 4 1.7394406 5.4864725 0.045393102 19.839857 0.027039662 106.52828 0 0 0
 2 2 2 4 1.3826958 6.9035579 0.038539696 10.650786 0.025343241 98.157649 0 0 0
 2 2 3 4 1.1152607 8.5617911 0.029621546 5.3309592 0.026150732 86.054556 0 0 0
 2 2 4 4 0.92320112 10.347392 0.022902039 2.8279471 0.0071605009 75.667098 0 0 0
 2 2 5 4 0.78302286 12.2063 0.019263246 1.713872 0.010880727 69.396048 0 0 0
 2 2 6 4 0.67774175 14.111424 0.016473731 1.1001536 0.031194994 64.175018 0 0 0
 2 4 -7 4 0.68566169 13.947612 0.016963437 1.1592846 0.011945897 65.12188 0 0 0
 2 4 -6 4 0.78748671 12.136848 0.017120094 1.5405103 0.0085680458 65.421889 0 0 0
 2 4 -5 4 0.91807957 10.405274 0.022394325 2.7347839 0.021553435 74.823668 0 0 0
 2 4 -4 4 1.0854981 8.7969974 0.033361559 5.6887516 0.011059262 91.325734 0 0 0
 2 4 -3 4 1.2917357 7.3903383 0.036943391 8.9129075 0.020252629 96.103318 0 0 0
 2 4 -2 4 1.5104265 6.3191316 0.03395797 11.195232 0.019802355 92.138442 0 0 0
 2 4 -1 4 1.6535593 5.7716599 0.037042381 14.632585 0.008891786 96.231986 0 0 0
 2 4 0 4 1.6189955 5.8949863 0.046422378 17.580252 0.016145534 107.72926 0 0 0
 2 4 1 4 1.4349147 6.6520379 0.040459155 12.040172 0.018508464 100.57231 0 0 0
 2 4 2 4 1.2142645 7.8625679 0.029889908 6.3739075 0.012674446 86.44349 0 0 0
 2 4 3 4 1.0210708 9.3532674 0.025175726 3.7999119 0.022015513 79.334302 0 0 0
 2 4 4 4 0.8676106 11.012368 0.024119884 2.6318732 0.010466103 77.652888 0 0 0
 2 4 5 4 0.7482382 12.776065 0.019434577 1.5797604 0.010942068 69.703976 0 0 0
 2 4 6 4 0.65480769 14.608313 0.014389387 0.8975113 0.0073881928 59.977886 0 0 0
 2 6 -7 4 0.6474317 14.775664 0.025839881 1.5759059 0.026374508 80.37394 0 0 0
 2 6 -6 4 0.7310441 13.077853 0.038933931 3.0219088 0.036935836 98.658414 0 0 0
 2 6 -5 4 0.83187898 11.486939 0.02060304 2.0676108 0.010279096 71.768795 0 0 0
 2 6 -4 4 0.95031754 10.051368 0.0251539 3.2903884 0.0083371794 79.299905 0 0 0
 2 6 -3 4 1.0796287 8.844917 0.044900802 7.5740726 0.011028704 105.94905 0 0 0
 2 6 -2 4 1.197844 7.970524 0.089923792 18.661993 0.019788339 149.93648 0 0 0
 2 6 -1 4 1.2655725 7.5433376 0.043566986 10.090315 0.021400939 104.36353 0 0 0
 2 6 0 4 1.2498736 7.6382246 0.030089424 6.797404 0.0078502984 86.731517 0 0 0
 2 6 1 4 1.159118 8.23727 0.036914776 7.1748047 0.015085842 96.066091 0 0 0
 2 6 2 4 1.0331585 9.2435971 0.072295266 11.170942 0.03083271 134.4389 0 0 0
 2 6 3 4 0.90618572 10.542229 0.037899112 4.5095731 0.017776913 97.338471 0 0 0
 2 6 4 4 0.79378016 12.040265 0.019997913 1.8281776 0.014729736 70.70699 0 0 0
 2 6 5 4 0.69932181 13.673854 0.014853931 1.0556655 0.0081704969 60.938351 0 0 0
 2 6 6 4 0.62126749 15.401627 0.028727142 1.614417 0 84.745416 0 0 0
 2 8 -6 4 0.66916477 14.293235 0.017095439 1.1131792 0.011663542 65.374765 0 0 0
 2 8 -5 4 0.74388965 12.851064 0.015819078 1.2710613 0.023746558 62.886959 0 0 0
 2 8 -4 4 0.82496664 11.583515 0.017837073 1.7605587 0.0069592805 66.777753 0 0 0
 2 8 -3 4 0.90536028 10.551868 0.026631848 3.1631481 0.013991777 81.596336 0 0 0
 2 8 -2 4 0.97173957 9.829234 0.030193483 4.1289928 0.013910888 86.88136 0 0 0
 2 8 -1 4 1.0068647 9.4855351 0.02525521 3.7069294 0.010597017 79.459439 0 0 0
 2 8 0 4 0.99890518 9.5612935 0.02066637 2.9857796 0.011054266 71.879013 0 0 0
 2 8 1 4 0.95071893 10.047114 0.025099751 3.2860686 0.007616772 79.214505 0 0 0
 2 8 2 4 0.87742755 10.888784 0.027047352 3.0181612 0.017563107 82.230395 0 0 0
 2 8 3 4 0.79559891 12.012639 0.021601511 1.9837854 0.0079757607 73.487262 0 0 0
 2 8 4 4 0.71627167 13.348786 0.01437968 1.0717405 0.0099965611 59.957652 0 0 0
 2 8 5 4 0.64457931 14.841417 0.013300177 0.80407099 0.0077695333 57.663197 0 0 0
 2 10 -5 4 0.66334151 14.419374 0.014966989 0.95782835 0.015969119 61.169822 0 0 0
 2 10 -4 4 0.71890981 13.299579 0.02175692 1.6334631 0.0091114608 73.751135 0 0 0
 2 10 -3 4 0.77025626 12.409401 0.020151778 1.7352693 0.0085741481 70.978479 0 0 0
 2 10 -2 4 0.80990354 11.79971 0.017307853 1.6468264 0.012454256 65.779657 0 0 0
 2 10 -1 4 0.82990516 11.514351 0.019440335 1.9417276 0.0089373167 69.714301 0 0 0
 2 10 0 4 0.82543101 11.576976 0.025332193 2.503145 0.0092880766 79.580452 0 0 0
 2 10 1 4 0.79761234 11.982204 0.021749131 2.0074083 0.0058584412 73.737933 0 0 0
 2 10 2 4 0.75283452 12.697741 0.016370712 1.347007 0.011264828 63.974042 0 0 0
 2 10 3 4 0.69922458 13.675765 0.015116649 1.0740403 0.00852964 61.474892 0 0 0
 2 10 4 4 0.64353516 14.865633 0.017238603 1.0388261 0.012884479 65.647931 0 0 0
 2 12 -4 4 0.6319723 15.139201 0.013969351 0.81209164 0.018340689 59.096005 0 0 0
 2 12 -3 4 0.66600685 14.361363 0.022400229 1.4449772 0.01077382 74.83353 0 0 0
 2 12 -2 4 0.69113957 13.836522 0.036355118 2.5240749 0.011697666 95.335091 0 0 0
 2 12 -1 4 0.70344456 13.593335 0.020611511 1.4820536 0.0099753935 71.783548 0 0 0
 2 12 0 4 0.70071368 13.646563 0.016134066 1.1511806 0.0071886521 63.509972 0 0 0
 2 12 1 4 0.68345402 13.99289 0.018854312 1.2802854 0.014996324 68.655502 0 0 0
 2 12 2 4 0.65464807 14.611894 0.032982461 2.0562251 0.017519841 90.80537 0 0 0
 2 12 3 4 0.61847488 15.471595 0.020585378 1.1465816 0 71.738028 0 0 0
 3 1 -8 4 0.63064543 15.171241 0.01323368 0.76612566 0.016139484 -57.518867 0 0 0
 3 1 -7 4 0.71768718 13.322338 0.019947836 1.4925859 0.01179366 -70.618404 0 0 0
 3 1 -6 4 0.82847427 11.534305 0.023368891 2.3261163 0.0089009352 -76.434434 0 0 0
 3 1 -5 4 0.97092002 9.8375513 0.02303555 3.1448457 0.0096822695 -75.887333 0 0 0
 3 1 -4 4 1.152368 8.2856039 0.026801741 5.1488845 0.0081914911 -81.856186 0 0 0
 3 1 -3 4 1.3688849 6.9732946 0.038910928 10.540024 0.01624357 -98.629265 0 0 0
 3 1 -2 4 1.5758945 6.0563634 0.046252909 16.597081 0.013099251 -107.53245 0 0 0
 3 1 -1 4 1.6665421 5.7266596 0.039966596 16.036286 0.022426864 -99.958236 0 0 0
 3 1 0 4 1.5697538 6.0800776 0.034983109 12.455599 0.014071518 -93.518861 0 0 0
 3 1 1 4 1.3608592 7.0144711 0.036220675 9.6968037 0.015469545 -95.158651 0 0 0
 3 1 2 4 1.14519 8.3376297 0.032880761 6.238483 0.020472743 -90.665264 0 0 0
 3 1 3 4 0.96519287 9.8960693 0.025498906 3.4403511 0.013996334 -79.841885 0 0 0
 3 1 4 4 0.82402303 11.596825 0.02003023 1.9725314 0.010716133 -70.764098 0 0 0
 3 1 5 4 0.714212 13.387458 0.017371607 1.2873491 0.016269924 -65.900696 0 0 0
 3 1 6 4 0.62789255 15.23815 0.01468431 0.84276583 0 -60.589417 0 0 0
 3 3 -8 4 0.61805941 15.482059 0.011112674 0.61813934 0 -52.708333 0 0 0
 3 3 -7 4 0.69929864 13.674309 0.01745195 1.2402246 0.0096569358 -66.052913 0 0 0
 3 3 -6 4 0.80054128 11.938205 0.034230349 3.1825219 0.019677789 -92.507228 0 0 0
 3 3 -5 4 0.92678216 10.307302 0.05932716 7.3824352 0.012073521 -121.78584 0 0 0
 3 3 -4 4 1.0805375 8.8374632 0.030303563 5.1203273 0.0076248419 -87.039593 0 0 0
 3 3 -3 4 1.2528332 7.6201539 0.030718825 6.9724205 0.011524275 -87.633934 0 0 0
 3 3 -2 4 1.4056463 6.7907079 0.055127626 15.74403 0.018893806 -117.39636 0 0 0
 3 3 -1 4 1.4688412 6.4982262 0.11932885 37.207057 0.034261891 -172.72004 0 0 0
 3 3 0 4 1.4012833 6.8118762 0.053279833 15.122167 0.014344995 -115.41212 0 0 0
 3 3 1 4 1.2466718 7.657871 0.029883897 6.7165072 0.0074291725 -86.434798 0 0 0
 3 3 2 4 1.0746132 8.8862819 0.030810993 5.1493056 0.011147434 -87.765302 0 0 0
 3 3 3 4 0.92179719 10.363194 0.060215393 7.4129008 0.025356399 -122.69412 0 0 0
 3 3 4 4 0.79652313 11.998649 0.033826896 3.1136912 0.0097171966 -91.960448 0 0 0
 3 3 5 4 0.69608261 13.737791 0.016549105 1.165349 0.01857424 -64.321662 0 0 0
 3 5 -7 4 0.66639932 14.352861 0.015702033 1.0140797 0.0081298759 -62.653877 0 0 0
 3 5 -6 4 0.75222394 12.70809 0.0216993 1.7825743 0.012262204 -73.653412 0 0 0
 3 5 -5 4 0.85400261 11.188398 0.022657246 2.3956887 0.015827845 -75.26162 0 0 0
 3 5 -4 4 0.96974115 9.8495399 0.022207533 3.0244732 0.010006355 -74.510961 0 0 0
 3 5 -3 4 1.0884994 8.7726939 0.025975781 4.4537972 0.0098241897 -80.585018 0 0 0
 3 5 -2 4 1.1842764 8.0619876 0.035479856 7.1977243 0.013663678 -94.180486 0 0 0
 3 5 -1 4 1.2213352 7.8169779 0.036415083 7.8558614 0.023975027 -95.413683 0 0 0
 3 5 0 4 1.1816636 8.0798431 0.029460924 5.950399 0.016687571 -85.820925 0 0 0
 3 5 1 4 1.0844511 8.805507 0.024525369 4.1739814 0.0080776049 -78.302887 0 0 0
 3 5 2 4 0.96545188 9.8934079 0.025845344 3.4889577 0.013278658 -80.382436 0 0 0
 3 5 3 4 0.85009749 11.23996 0.024475521 2.5644455 0.013113446 -78.223272 0 0 0
 3 5 4 4 0.74888738 12.764944 0.019310224 1.57236 0.0096971245 -69.480617 0 0 0
 3 5 5 4 0.66361442 14.413412 0.013840494 0.88646028 0.013347135 -58.822815 0 0 0
 3 7 -7 4 0.6247382 15.315549 0.017820538 1.0126025 0 -66.746795 0 0 0
 3 7 -6 4 0.69377198 13.783766 0.017524776 1.2259336 0.012505833 -66.190588 0 0 0
 3 7 -5 4 0.77117719 12.394524 0.015886479 1.3712383 0.0066668191 -63.020788 0 0 0
 3 7 -4 4 0.85320007 11.198956 0.019902271 2.100454 0.013206602 -70.537704 0 0 0
 3 7 -3 4 0.93074912 10.263253 0.029387749 3.6881393 0.011081475 -85.714277 0 0 0
 3 7 -2 4 0.98852677 9.6619134 0.028851568 4.0824735 0.019873095 -84.928746 0 0 0
 3 7 -1 4 1.0097741 9.4581423 0.023177632 3.4216065 0.00842032 -76.121009 0 0 0
 3 7 0 4 0.98700571 9.6768388 0.022724395 3.2056309 0.013004761 -75.373063 0 0 0
 3 7 1 4 0.92821437 10.291355 0.027722034 3.4602459 0.0059911623 -83.249676 0 0 0
 3 7 2 4 0.85027443 11.237613 0.024319766 2.5491819 0.013654007 -77.97398 0 0 0
 3 7 3 4 0.76829801 12.441155 0.017750723 1.5207982 0.01755992 -66.615919 0 0 0
 3 7 4 4 0.69115176 13.836277 0.014660731 1.0179056 0.0046961713 -60.540753 0 0 0
 3 7 5 4 0.62244189 15.372392 0.015379392 0.86753675 0 -62.006839 0 0 0
 3 9 -6 4 0.63354503 15.101399 0.023404882 1.3673356 0.034594372 -76.49327 0 0 0
 3 9 -5 4 0.69084452 13.842461 0.035549563 2.4660552 0.013027413 -94.272958 0 0 0
 3 9 -4 4 0.74795607 12.780904 0.019314609 1.5688323 0.0113989 -69.488505 0 0 0
 3 9 -3 4 0.79856265 11.967893 0.019983166 1.8487861 0.0060821054 -70.680914 0 0 0
 3 9 -2 4 0.83416366 11.455372 0.029649282 2.9917264 0.014211878 -86.094834 0 0 0
 3 9 -1 4 0.84681266 11.283701 0.052565423 5.4653157 0.01635442 -114.63575 0 0 0
 3 9 0 4 0.83324907 11.467988 0.02855883 2.8754118 0.012028247 -84.496789 0 0 0
 3 9 1 4 0.79696002 11.992048 0.01949355 1.7962964 0.005306159 -69.809653 0 0 0
 3 9 2 4 0.74598268 12.814856 0.019862495 1.6048859 0.012864915 -70.467183 0 0 0
 3 9 3 4 0.68877234 13.88431 0.036326014 2.5049342 0.020043428 -95.296923 0 0 0
 3 9 4 4 0.63154779 15.149437 0.022960402 1.3329989 0.029132055 -75.76345 0 0 0
 3 11 -5 4 0.61868811 15.46623 0.01637474 0.91267712 0 -63.981911 0 0 0
 3 11 -4 4 0.65870189 14.521483 0.013209817 0.83368627 0.010578403 -57.466984 0 0 0
 3 11 -3 4 0.69248294 13.809549 0.012753706 0.88888864 0.0044761504 -56.466154 0 0 0
 3 11 -2 4 0.71531404 13.366738 0.019253329 1.4311732 0.012960491 -69.378183 0 0 0
 3 11 -1 4 0.72324225 13.219554 0.022145323 1.6825866 0.0097069171 -74.406524 0 0 0
 3 11 0 4 0.71473708 13.377578 0.017191463 1.2758603 0.013010192 -65.558109 0 0 0
 3 11 1 4 0.69143712 13.830539 0.012208704 0.84835448 0.0036185746 -55.246501 0 0 0
 3 11 2 4 0.65735282 14.551446 0.014686667 0.9231299 0.009151557 -60.594279 0 0 0
 3 13 -2 4 0.62317096 15.354299 0.015443267 0.87316318 0 -62.13547 0 0 0
 3 13 -1 4 0.62839208 15.225965 0.011807288 0.67871602 0 -54.330672 0 0 0
 3 13 0 4 0.62278936 15.363763 0.012184653 0.68808522 0 -55.192059 0 0 0
 4 0 -8 2 0.62413156 15.330524 0.014119581 0.80076262 0 84.022558 0 0 0
 4 0 -7 2 0.70286559 13.604585 0.0074712278 0.53633478 0.0035467268 61.119669 0 0 0
 4 0 -6 2 0.79817028 11.973798 0.010386901 0.96002787 0.0029578087 72.0656 0 0 0
 4 0 -5 2 0.9115362 10.480175 0.019360671 2.3308728 0.0082575208 98.388696 0 0 0
 4 0 -4 2 1.0393326 9.1885676 0.036111566 5.6465689 0.024657995 134.37181 0 0 0
 4 0 -3 2 1.1653513 8.1931348 0.018012519 3.5385936 0.019970478 94.901314 0 0 0
 4 0 -2 2 1.2545708 7.6095847 0.01504014 3.4231978 0.007937819 86.718338 0 0 0
 4 0 -1 2 1.2672255 7.5334836 0.022492337 5.2229168 0.013886407 106.04795 0 0 0
 4 0 0 2 1.1965324 7.9792751 0.045625129 9.4479643 0.012106246 151.03829 0 0 0
 4 0 1 2 1.0766927 8.8690845 0.021894301 3.6732308 0.0061027632 104.62863 0 0 0
 4 0 2 2 0.94697022 10.086989 0.012020647 1.5614092 0.0073051439 77.526275 0 0 0
 4 0 3 2 0.82873114 11.530718 0.010348238 1.030689 0.0040233697 71.931349 0 0 0
 4 0 4 2 0.72829458 13.127443 0.02003962 1.5438005 0.022677367 100.099 0 0 0
 4 0 5 2 0.64509537 14.829477 0.012926224 0.78270459 0.0079600084 80.393482 0 0 0
 4 2 -8 4 0.6179374 15.485134 0.012289893 0.68335446 0 55.429895 0 0 0
 4 2 -7 4 0.69405415 13.778135 0.014512785 1.0160518 0.012464313 60.234511 0 0 0
 4 2 -6 4 0.78533606 12.17021 0.02107897 1.8864526 0.0092088026 72.592992 0 0 0
 4 2 -5 4 0.89255827 10.703653 0.026818008 3.0961965 0.031169645 81.881024 0 0 0
 4 2 -4 4 1.0114604 9.4423387 0.025975106 3.8473581 0.015733854 80.583971 0 0 0
 4 2 -3 4 1.1264599 8.4765138 0.025526005 4.6863541 0.020249385 79.884299 0 0 0
 4 2 -2 4 1.206424 7.913747 0.031119646 6.5509246 0.015697437 88.203807 0 0 0
 4 2 -1 4 1.2176642 7.8405811 0.036907638 7.9144406 0.010638139 96.056804 0 0 0
 4 2 0 4 1.1545476 8.2699351 0.032261347 6.2211349 0.0077328376 89.80722 0 0 0
 4 2 1 4 1.0457955 9.1316623 0.025337087 4.0110877 0.011604989 79.588138 0 0 0
 4 2 2 4 0.92574412 10.318891 0.022478912 2.7909491 0.0053151493 74.964845 0 0 0
 4 2 3 4 0.81439238 11.734442 0.021776349 2.0949084 0.021957261 73.784058 0 0 0
 4 2 4 4 0.71850526 13.307101 0.018697306 1.4021851 0.0086238974 68.369046 0 0 0
 4 2 5 4 0.63826277 14.989133 0.014487984 0.85894333 0.019247979 60.183021 0 0 0
 4 4 -7 4 0.66948398 14.286384 0.014391374 0.93798971 0.0095308754 59.982026 0 0 0
 4 4 -6 4 0.75025583 12.741565 0.022441344 1.8339579 0.010702749 74.902176 0 0 0
 4 4 -5 4 0.84202938 11.34801 0.024165518 2.4843635 0.010511424 77.726311 0 0 0
 4 4 -4 4 0.93962491 10.166049 0.021132492 2.7027293 0.029938414 72.685095 0 0 0
 4 4 -3 4 1.0296445 9.2752133 0.023260959 3.5699151 0.020058109 76.257719 0 0 0
 4 4 -2 4 1.0896384 8.7635059 0.032955046 5.6622558 0.017148839 90.767623 0 0 0
 4 4 -1 4 1.0978988 8.6974437 0.033713726 5.8805101 0.027749397 91.806489 0 0 0
 4 4 0 4 1.0509624 9.086673 0.025858047 4.1339809 0.02676994 80.402188 0 0 0
 4 4 1 4 0.96695904 9.8779491 0.021890626 2.9642948 0.010555097 73.977406 0 0 0
 4 4 2 4 0.86972031 10.985573 0.023791868 2.6086633 0.0095502457 77.123064 0 0 0
 4 4 3 4 0.7754661 12.325706 0.021744859 1.8977146 0.023606164 73.730691 0 0 0
 4 4 4 4 0.6913479 13.832332 0.016254454 1.1291949 0.0049059241 63.746479 0 0 0
 4 4 5 4 0.61899814 15.458436 0.01246761 0.69559606 0 55.829226 0 0 0
 4 6 -7 4 0.63375989 15.09625 0.01266673 0.74050013 0.018497798 56.273285 0 0 0
 4 6 -6 4 0.7009682 13.641585 0.01707746 1.2193716 0.0075387294 65.340377 0 0 0
 4 6 -5 4 0.77404866 12.348365 0.030498941 2.652035 0.020800036 87.31973 0 0 0
 4 6 -4 4 0.84780642 11.270432 0.051901489 5.4088962 0.017838452 113.90949 0 0 0
 4 6 -3 4 0.91216276 10.472956 0.027348438 3.2970463 0.013580296 82.686816 0 0 0
 4 6 -2 4 0.95309195 10.022034 0.024351975 3.2040434 0.011078918 78.025597 0 0 0
 4 6 -1 4 0.95860506 9.9642494 0.032997209 4.391694 0.014589363 90.825669 0 0 0
 4 6 0 4 0.92688558 10.306148 0.061553157 7.661132 0.012452068 124.04954 0 0 0
 4 6 1 4 0.86772199 11.01095 0.032719732 3.5711695 0.013756193 90.442982 0 0 0
 4 6 2 4 0.79539486 12.015732 0.019381489 1.7790007 0.0077450965 69.608708 0 0 0
 4 6 3 4 0.72139699 13.25352 0.0172011 1.3003122 0.0069304265 65.576482 0 0 0
 4 6 4 4 0.65221236 14.666762 0.032674313 2.0220089 0.030643776 90.380187 0 0 0
 4 8 -6 4 0.64586785 14.811641 0.013655063 0.82880162 0.010379268 58.42744 0 0 0
 4 8 -5 4 0.70167384 13.627801 0.020066815 1.4356842 0.0090800727 70.828692 0 0 0
 4 8 -4 4 0.75521327 12.657582 0.020922244 1.7323427 0.031162249 72.322617 0 0 0
 4 8 -3 4 0.79963474 11.951789 0.017833452 1.6543093 0.006943997 66.770974 0 0 0
 4 8 -2 4 0.82677966 11.558027 0.017441625 1.7290633 0.0066228512 66.033372 0 0 0
 4 8 -1 4 0.83037077 11.507873 0.023225717 2.3224074 0.011400143 76.19993 0 0 0
 4 8 0 4 0.80949776 11.805646 0.02435397 2.3149491 0.017825346 78.028793 0 0 0
 4 8 1 4 0.76918791 12.426704 0.018993518 1.6310245 0.011131691 68.908486 0 0 0
 4 8 2 4 0.71745737 13.326625 0.014042615 1.0500627 0.0088178175 59.250769 0 0 0
 4 8 3 4 0.66174217 14.454409 0.015027983 0.95713688 0.017809721 61.294338 0 0 0
 4 10 -5 4 0.63288581 15.117221 0.015768573 0.91931592 0.023335576 62.78649 0 0 0
 4 10 -4 4 0.67133314 14.246829 0.012611012 0.8264618 0.0079619333 56.149381 0 0 0
 4 10 -3 4 0.70195951 13.622229 0.01464214 1.0484219 0.0067535221 60.502356 0 0 0
 4 10 -2 4 0.72010869 13.277338 0.021557798 1.6238794 0.0091132787 73.41287 0 0 0
 4 10 -1 4 0.72247771 13.233606 0.020246358 1.5350758 0.0077468015 71.144848 0 0 0
 4 10 0 4 0.70860345 13.493909 0.014901942 1.0871738 0.016591483 61.036756 0 0 0
 4 10 1 4 0.68109226 14.041655 0.013518478 0.91167471 0.014524746 58.134496 0 0 0
 4 10 2 4 0.64439467 14.845693 0.017043965 1.0298189 0.01001313 65.276269 0 0 0
 4 12 -3 4 0.62036509 15.424167 0.01530732 0.85777119 0 61.861377 0 0 0
 4 12 -2 4 0.63278625 15.119613 0.013564119 0.7905485 0.019790381 58.232548 0 0 0
 4 12 -1 4 0.63439192 15.081122 0.018228987 1.067779 0.026387657 67.507382 0 0 0
 4 12 0 4 0.6249368 15.310653 0.030445382 1.7310643 0 87.243025 0 0 0
 5 1 -7 4 0.67113722 14.251009 0.013295906 0.87084171 0.0082784107 -57.653936 0 0 0
 5 1 -6 4 0.74627405 12.809832 0.015940385 1.2889801 0.0099258134 -63.127619 0 0 0
 5 1 -5 4 0.82777436 11.544091 0.023951765 2.3801289 0.0090019443 -77.381789 0 0 0
 5 1 -4 4 0.90848304 10.515495 0.02772202 3.3152872 0.011635533 -83.249655 0 0 0
 5 1 -3 4 0.97487187 9.7975751 0.023691685 3.2607076 0.023210589 -76.960517 0 0 0
 5 1 -2 4 1.0095374 9.4603652 0.022250631 3.283223 0.0078457669 -74.583227 0 0 0
 5 1 -1 4 1.000723 9.5438845 0.027439573 3.9787318 0.018111604 -82.824473 0 0 0
 5 1 0 4 0.95160505 10.037734 0.028954535 3.7977807 0.0083601747 -85.080161 0 0 0
 5 1 1 4 0.87759013 10.88676 0.022862384 2.5521101 0.014538517 -75.601561 0 0 0
 5 1 2 4 0.79532282 12.016824 0.017709249 1.6252153 0.0072879187 -66.538052 0 0 0
 5 1 3 4 0.71578061 13.357986 0.017009543 1.2660226 0.011441248 -65.21032 0 0 0
 5 1 4 4 0.64401047 14.8546 0.016313025 0.98448955 0.010188247 -63.861227 0 0 0
 5 3 -7 4 0.65602741 14.581005 0.031804976 1.9911128 0.018165317 -89.169748 0 0 0
 5 3 -6 4 0.72566325 13.175255 0.017045477 1.3037305 0.010047652 -65.279164 0 0 0
 5 3 -5 4 0.79990976 11.947665 0.020303077 1.8846912 0.0086455126 -71.244434 0 0 0
 5 3 -4 4 0.87201937 10.956521 0.033927714 3.7396121 0.014215113 -92.097386 0 0 0
 5 3 -3 4 0.93021732 10.269136 0.06143726 7.701555 0.018598442 -123.9327 0 0 0
 5 3 -2 4 0.9601894 9.9477665 0.031745197 4.2389847 0.01860905 -89.085909 0 0 0
 5 3 -1 4 0.952596 10.027265 0.02392956 3.1452021 0.0088618367 -77.345911 0 0 0
 5 3 0 4 0.90993905 10.498622 0.028281365 3.3929833 0.010367524 -84.085321 0 0 0
 5 3 1 4 0.84459013 11.313491 0.053076779 5.4896939 0.017338545 -115.19199 0 0 0
 5 3 2 4 0.77051332 12.405245 0.029723606 2.5611978 0.01226249 -86.202677 0 0 0
 5 3 3 4 0.69753454 13.709058 0.015872727 1.1223539 0.012070744 -62.993507 0 0 0
 5 3 4 4 0.63062424 15.171753 0.012527969 0.72522228 0.015051102 -55.964206 0 0 0
 5 5 -7 4 0.62863684 15.220002 0.013634394 0.7843484 0 -58.383204 0 0 0
 5 5 -6 4 0.68909585 13.87776 0.013836294 0.95499968 0.0077646069 -58.81389 0 0 0
 5 5 -5 4 0.75169993 12.716986 0.018200741 1.4931019 0.0096904912 -67.455062 0 0 0
 5 5 -4 4 0.81058461 11.789761 0.024214512 2.3078447 0.02068296 -77.805065 0 0 0
 5 5 -3 4 0.85668812 11.153214 0.023343577 2.483732 0.029744214 -76.393025 0 0 0
 5 5 -2 4 0.87992753 10.857754 0.019945605 2.2383344 0.019598297 -70.614454 0 0 0
 5 5 -1 4 0.87407249 10.930706 0.020089969 2.2247668 0.011907033 -70.869544 0 0 0
 5 5 0 4 0.84076996 11.365065 0.023800602 2.4395701 0.012302335 -77.137219 0 0 0
 5 5 1 4 0.78841299 12.122535 0.022300066 2.0113141 0.01151916 -74.666033 0 0 0
 5 5 2 4 0.72714829 13.148228 0.01710858 1.3138825 0.013391601 -65.399885 0 0 0
 5 5 3 4 0.66487214 14.386002 0.013462171 0.86547459 0.0075308816 -58.013299 0 0 0
 5 7 -6 4 0.64332233 14.870579 0.013044088 0.78554238 0.010942765 -57.105358 0 0 0
 5 7 -5 4 0.69336081 13.79198 0.020928241 1.4622985 0.011495795 -72.332982 0 0 0
 5 7 -4 4 0.73875705 12.940728 0.020974267 1.6622516 0.01933064 -72.412476 0 0 0
 5 7 -3 4 0.77315295 12.362726 0.016242318 1.4091028 0.0099628596 -63.722676 0 0 0
 5 7 -2 4 0.79010649 12.096455 0.016455642 1.4905338 0.013055377 -64.139774 0 0 0
 5 7 -1 4 0.78585946 12.162074 0.022954228 2.0570016 0.01037351 -75.753264 0 0 0
 5 7 0 4 0.76139153 12.554459 0.022482235 1.8919024 0.029163142 -74.970385 0 0 0
 5 7 1 4 0.72185613 13.245052 0.01625327 1.2302153 0.0061582959 -63.744157 0 0 0
 5 7 2 4 0.67395292 14.191163 0.013090633 0.86455 0.016545834 -57.207151 0 0 0
 5 7 3 4 0.62347938 15.346657 0.015116054 0.85550104 0 -61.473681 0 0 0
 5 9 -5 4 0.63323187 15.108911 0.014025809 0.81859848 0.020915421 -59.215305 0 0 0
 5 9 -4 4 0.66724701 14.334531 0.022675892 1.4681688 0.013805853 -75.292582 0 0 0
 5 9 -3 4 0.69226385 13.813941 0.036689406 2.5555171 0.011872142 -95.772395 0 0 0
 5 9 -2 4 0.70435415 13.575698 0.020375198 1.4688261 0.011221818 -71.370859 0 0 0
 5 9 -1 4 0.70134031 13.634313 0.015895741 1.1361908 0.0070570188 -63.039157 0 0 0
 5 9 0 4 0.683783 13.986124 0.019066571 1.295936 0.013642482 -69.040878 0 0 0
 5 9 1 4 0.65471559 14.610379 0.033604967 2.0954626 0.017565068 -91.658287 0 0 0
 5 9 2 4 0.61834516 15.47486 0.020446666 1.1383822 0 -71.495919 0 0 0
 5 11 -3 4 0.61970692 15.440648 0.016897371 0.94488269 0 -64.994944 0 0 0
 5 11 -2 4 0.62833502 15.227356 0.012927666 0.74298478 0 -56.849948 0 0 0
 5 11 -1 4 0.62619268 15.279762 0.010667691 0.6089621 0 -51.642258 0 0 0
 6 0 -7 2 0.63532253 15.058904 0.011694781 0.6870257 0.016998778 76.468232 0 0 0
 6 0 -6 2 0.69288841 13.801429 0.018013588 1.2569439 0.0076122634 94.904131 0 0 0
 6 0 -5 2 0.75021848 12.742202 0.0097049016 0.79302827 0.004614254 69.659535 0 0 0
 6 0 -4 2 0.80091207 11.932658 0.0099072957 0.92196665 0.0072604549 70.382156 0 0 0
 6 0 -3 2 0.83638051 11.424908 0.014860721 1.5074443 0.018651843 86.199538 0 0 0
 6 0 -2 2 0.84864944 11.259201 0.026746735 2.7929211 0.010461621 115.64328 0 0 0
 6 0 -1 2 0.83453977 11.450192 0.01430249 1.4444714 0.0078572804 84.565034 0 0 0
 6 0 0 2 0.79768825 11.981059 0.0095188786 0.87874285 0.0025750067 68.98869 0 0 0
 6 0 1 2 0.74625165 12.810218 0.0098764422 0.79858659 0.0061607263 70.272478 0 0 0
 6 0 2 2 0.68872608 13.885248 0.018564335 1.2799708 0.010235002 96.344006 0 0 0
 6 0 3 2 0.63131348 15.155092 0.011572568 0.67136791 0.014562299 76.067626 0 0 0
 6 2 -7 4 0.62879267 15.216208 0.016799539 0.96690524 0 64.806519 0 0 0
 6 2 -6 4 0.68444245 13.972581 0.014767417 1.0056491 0.010247692 60.76063 0 0 0
 6 2 -5 4 0.73953132 12.927122 0.015203915 1.2074507 0.013517714 61.652078 0 0 0
 6 2 -4 4 0.78794727 12.129727 0.020624533 1.8580078 0.010263207 71.806219 0 0 0
 6 2 -3 4 0.82164807 11.630461 0.02489351 2.4374182 0.021444055 78.888386 0 0 0
 6 2 -2 4 0.83327105 11.467684 0.021468118 2.1616054 0.0090376011 73.260013 0 0 0
 6 2 -1 4 0.81990271 11.655305 0.017815092 1.7369789 0.021550897 66.736594 0 0 0
 6 2 0 4 0.7848769 12.177357 0.018727361 1.6740484 0.0084560745 68.423974 0 0 0
 6 2 1 4 0.73573076 12.994186 0.020494632 1.611045 0.016672882 71.579732 0 0 0
 6 2 2 4 0.6804296 14.055399 0.017421019 1.1725911 0.020514514 65.994355 0 0 0
 6 2 3 4 0.62490522 15.311431 0.012942429 0.73580723 0 56.882398 0 0 0
 6 4 -6 4 0.66084493 14.474139 0.012362797 0.78527376 0.012976807 55.594058 0 0 0
 6 4 -5 4 0.71001742 13.466912 0.014359176 1.0517318 0.016688239 59.91489 0 0 0
 6 4 -4 4 0.75253154 12.702874 0.022104964 1.8173753 0.013548174 74.338691 0 0 0
 6 4 -3 4 0.78172248 12.226682 0.023567334 2.0898927 0.014526958 76.75828 0 0 0
 6 4 -2 4 0.79171192 12.071835 0.017950204 1.6324865 0.016305527 66.989185 0 0 0
 6 4 -1 4 0.78021893 12.250334 0.015837857 1.3990954 0.013997761 62.924275 0 0 0
 6 4 0 4 0.74985547 12.748396 0.019963713 1.6297504 0.0093051296 70.646502 0 0 0
 6 4 1 4 0.70665194 13.531348 0.02045371 1.4840537 0.017890753 71.508233 0 0 0
 6 4 2 4 0.65723084 14.554161 0.015123624 0.95024498 0.0094043421 61.489073 0 0 0
 6 6 -6 4 0.62641661 15.274268 0.029604411 1.6911573 0 86.029662 0 0 0
 6 6 -5 4 0.66781733 14.322225 0.016156514 1.0478413 0.010848904 63.554138 0 0 0
 6 6 -4 4 0.70282314 13.605411 0.016305122 1.1703505 0.0077346056 63.845755 0 0 0
 6 6 -3 4 0.72642561 13.161366 0.02423694 1.8576437 0.016024483 77.841088 0 0 0
 6 6 -2 4 0.73442059 13.017468 0.041518801 3.2521776 0.030636226 101.88081 0 0 0
 6 6 -1 4 0.72521862 13.183368 0.023076835 1.7628936 0.013045287 75.955307 0 0 0
 6 6 0 4 0.70064163 13.647973 0.015633107 1.1152089 0.006997336 62.516211 0 0 0
 6 6 1 4 0.66501469 14.382903 0.016669574 1.0721324 0.0088289842 64.555353 0 0 0
 6 6 2 4 0.62333589 15.350211 0.03070724 1.7370999 0 87.617407 0 0 0
 6 8 -5 4 0.61965947 15.441837 0.011552902 0.64592773 0 53.742212 0 0 0
 6 8 -4 4 0.64731798 14.778275 0.013231639 0.80668151 0.013127842 57.51443 0 0 0
 6 8 -3 4 0.66561717 14.369815 0.018211882 1.173435 0.0085388755 67.475703 0 0 0
 6 8 -2 4 0.67175147 14.23791 0.018141976 1.1904038 0.012756208 67.346077 0 0 0
 6 8 -1 4 0.66468825 14.390004 0.014138263 0.90844139 0.0085554174 59.452215 0 0 0
 6 8 0 4 0.64561237 14.817535 0.012132398 0.73580509 0.0085205065 55.073582 0 0 0
 6 8 1 4 0.61741851 15.498228 0.014636576 0.81248341 0 60.49086 0 0 0
 7 1 -6 4 0.63456007 15.077103 0.017306188 1.0142579 0.025121418 -65.776493 0 0 0
 7 1 -5 4 0.67309166 14.209415 0.01372376 0.9040668 0.015968902 -58.574227 0 0 0
 7 1 -4 4 0.70369545 13.588466 0.013706435 0.98624798 0.0067747554 -58.537243 0 0 0
 7 1 -3 4 0.72168634 13.248182 0.019226547 1.4545836 0.0074209239 -69.329913 0 0 0
 7 1 -2 4 0.72377163 13.209842 0.02155545 1.6401508 0.01041567 -73.408872 0 0 0
 7 1 -1 4 0.70954206 13.475976 0.016714658 1.2226308 0.017872482 -64.64259 0 0 0
 7 1 0 4 0.68167551 14.029581 0.013187944 0.8908961 0.015112669 -57.419387 0 0 0
 7 1 1 4 0.64467702 14.839155 0.014667725 0.88701357 0.0085907439 -60.555191 0 0 0
 7 3 -6 4 0.62174297 15.389777 0.02119675 1.193029 0 -72.795518 0 0 0
 7 3 -5 4 0.65785244 14.540335 0.033279018 2.0949064 0.021612029 -91.212688 0 0 0
 7 3 -4 4 0.68633601 13.93384 0.018270885 1.2510748 0.012488515 -67.58492 0 0 0
 7 3 -3 4 0.70299664 13.602037 0.015893736 1.1413813 0.0075594695 -63.03518 0 0 0
 7 3 -2 4 0.70492366 13.564679 0.021414236 1.5462089 0.013752728 -73.168019 0 0 0
 7 3 -1 4 0.69175723 13.824107 0.037701911 2.6222267 0.01097985 -97.084899 0 0 0
 7 3 0 4 0.66585948 14.364559 0.021752078 1.4025508 0.010278582 -73.742929 0 0 0
 7 3 1 4 0.63125004 15.156624 0.012907799 0.74868052 0.016242753 -56.806247 0 0 0
 7 5 -5 4 0.63024214 15.181006 0.014152978 0.81830745 0 -59.483144 0 0 0
 7 5 -4 4 0.65515294 14.600573 0.012601894 0.78684203 0.0063246176 -56.12908 0 0 0
 7 5 -3 4 0.66959723 14.283955 0.014892228 0.9709598 0.0098005308 -61.016858 0 0 0
 7 5 -2 4 0.6712618 14.248351 0.018619064 1.2199418 0.011667084 -68.225846 0 0 0
 7 5 -1 4 0.65986332 14.495786 0.016812202 1.0647514 0.017229715 -64.830938 0 0 0
 7 5 0 4 0.63727213 15.012568 0.012870073 0.76067663 0.016343187 -56.723172 0 0 0
 7 7 -3 4 0.62737075 15.250899 0.017333199 0.99315367 0 -65.827804 0 0 0
 7 7 -2 4 0.62873922 15.217509 0.017910706 1.0306852 0 -66.915442 0 0 0
 7 7 -1 4 0.6193434 15.449766 0.012320228 0.68813327 0 -55.498262 0 0 0
 8 0 -4 2 0.62728538 15.252987 0.015466274 0.88594401 0 87.938257 0 0 0
 8 0 -3 2 0.63603539 15.041928 0.0086935414 0.51185057 0.012215641 65.930044 0 0 0
 8 0 -2 2 0.63361276 15.099776 0.0064935677 0.37944086 0.0095419365 56.980557 0 0 0
 8 0 -1 2 0.62038873 15.423575 0.0080002339 0.4483403 0 63.246478 0 0 0
 8 2 -4 4 0.62099779 15.408356 0.013165234 0.73922765 0 57.369927 0 0 0
 8 2 -3 4 0.62948375 15.199403 0.01143845 0.65978031 0 53.475346 0 0 0
 8 2 -2 4 0.62713495 15.256668 0.014163693 0.81094354 0 59.505657 0 0 0
