 1 1 1 8 2.4157859 3.9497028 0.0024629294 2.0722553 0.0024560955 23.18349 0 0 0
 2 0 0 6 2.092132 4.5610252 0.02785531 17.581129 0.027884633 90.02771 0 0 0
 2 2 0 12 1.4793607 6.4519691 0.030464982 9.6217669 0.030919346 66.574462 0 0 0
 2 2 2 8 1.207893 7.9041077 0.012221388 2.5753062 0.012175994 51.643195 0 0 0
 3 1 1 24 1.2616031 7.5671061 0.0058820604 1.3518855 0.006034735 20.685068 0 0 0
 3 3 1 24 0.959936 9.9503992 0.0029352661 0.3911918 0.0028366508 14.612211 0 0 0
 3 3 3 8 0.80526198 11.867968 0.00045814171 0.043035505 0.00045865059 9.9989122 0 0 0
 4 0 0 6 1.046066 9.1292961 0.0058459411 0.92463489 0.00582004 41.242921 0 0 0
 4 2 0 24 0.93562987 10.209572 0.015543888 1.9683951 0.015313027 33.625754 0 0 0
 4 2 2 24 0.85410931 11.186996 0.010663094 1.1261649 0.010666895 27.850554 0 0 0
 4 4 0 12 0.73968036 12.924506 0.0026921956 0.213591 0.0028388188 19.790671 0 0 0
 4 4 2 24 0.69737733 13.712163 0.0039317144 0.27749477 0.0039072412 16.911541 0 0 0
 5 1 1 24 0.80526198 11.867968 0.0013744252 0.12910652 0.0013759518 9.9989122 0 0 0
 5 3 1 48 0.7072697 13.519474 0.0013105444 0.095119981 0.0013039974 6.9040366 0 0 0
 5 3 3 24 0.63809428 14.993114 0.00032513041 0.019238741 0.00030966238 4.8631874 0 0 0
 6 0 0 6 0.69737733 13.712163 0.0009829285 0.069373687 0.00097681019 16.91154 0 0 0
 6 2 0 24 0.66159023 14.457747 0.0029122491 0.18513711 0.0029573406 14.554807 0 0 0
 6 2 2 24 0.63080153 15.167464 0.0021833348 0.12628237 0.0021237641 12.602374 0 0 0
