 0 0 1 2 4.7709693 1.9996422 0.0079001541 25.798732 0.0071760962 153.8887 0 0 0
 0 0 2 2 2.3854847 3.9998936 0.0026689693 2.1799476 0.0025357995 89.44596 0 0 0
 0 0 3 2 1.5903231 6.0013651 0.0042563295 1.5462809 0.0040097465 112.95529 0 0 0
 0 0 4 2 1.1927423 8.0046711 0.0075942228 1.553554 0.0076929482 150.87963 0 0 0
 0 0 5 2 0.95419387 10.010431 0.0029993096 0.39322996 0.0028578369 94.819921 0 0 0
 0 0 6 2 0.79516156 12.01927 0.001540218 0.14046996 0.0014091837 67.948525 0 0 0
 0 0 7 2 0.68156705 14.031825 0.0014760812 0.099104626 0.0015126043 66.518748 0 0 0
 0 2 0 2 4.3941032 2.1711639 0.0063064807 17.595814 0.0070029808 137.4936 0 0 0
 0 2 1 4 3.2321322 2.9518602 0.0095079915 14.308043 0.010411662 119.37636 0 0 0
 0 2 2 4 2.0964685 4.5515858 0.0055883239 3.5317819 0.0057329921 91.519729 0 0 0
 0 2 3 4 1.4953968 6.3827086 0.0055854708 1.7959468 0.0056475145 91.496364 0 0 0
 0 2 4 4 1.1510895 8.2948228 0.0054058203 1.0306738 0.0052673754 90.012898 0 0 0
 0 2 5 4 0.93246175 10.244352 0.004307983 0.53964308 0.0043379996 80.354635 0 0 0
 0 2 6 4 0.7824533 12.215219 0.0027327413 0.24142556 0.0027444137 63.999003 0 0 0
 0 2 7 4 0.67351319 14.200476 0.0022335776 0.14649131 0.0022424395 57.859472 0 0 0
 0 4 0 2 2.1970516 4.3431077 0.0037165117 2.5937705 0.0038547271 105.54962 0 0 0
 0 4 1 4 1.9956182 4.7817346 0.0091074427 5.2382453 0.0083502424 116.83479 0 0 0
 0 4 2 4 1.6160661 5.9056815 0.010705497 4.0315499 0.01068154 126.67105 0 0 0
 0 4 3 4 1.2882494 7.4103662 0.005924138 1.4167408 0.0059553953 94.229421 0 0 0
 0 4 4 4 1.0482343 9.1103725 0.0044820944 0.70985398 0.0044439576 81.962358 0 0 0
 0 4 5 4 0.87521491 10.916395 0.0045283803 0.50041708 0.0045034776 82.384477 0 0 0
 0 4 6 4 0.7476984 12.785327 0.0043484474 0.35119879 0.0043588441 80.731134 0 0 0
 0 4 7 4 0.65096344 14.695057 0.0024111683 0.14787564 0.0024160515 60.115672 0 0 0
 0 6 0 2 1.4647011 6.5166139 0.0078230144 2.4287217 0.0083877719 153.13554 0 0 0
 0 6 1 4 1.4002016 6.8171446 0.0079969898 2.2678294 0.0077866034 109.48061 0 0 0
 0 6 2 4 1.2481925 7.6485274 0.0056423267 1.2703908 0.0055729861 91.960867 0 0 0
 0 6 3 4 1.0773774 8.8634367 0.0055963664 0.93823947 0.005443224 91.585562 0 0 0
 0 6 4 4 0.9248775 10.328586 0.0084150348 1.0397309 0.0081775289 112.30573 0 0 0
 0 6 5 4 0.79950403 11.95375 0.0044698899 0.41297605 0.0042913617 81.850691 0 0 0
 0 6 6 4 0.69882284 13.683664 0.0028191379 0.19923196 0.0027496631 65.002806 0 0 0
 0 8 0 2 1.0985258 8.6924699 0.0035455787 0.61995567 0.0034481431 103.09379 0 0 0
 0 8 1 4 1.070515 8.9203691 0.0043717455 0.72577603 0.0043090503 80.947116 0 0 0
 0 8 2 4 0.99780909 9.571821 0.0016277635 0.23467092 0.001715669 49.393477 0 0 0
 0 8 3 4 0.90385505 10.569491 0.0033238785 0.39308637 0.0033784336 70.582415 0 0 0
 0 8 4 4 0.80803305 11.827122 0.0047326859 0.4473595 0.0046717932 84.222433 0 0 0
 0 8 5 4 0.72037949 13.272324 0.0029887829 0.22468142 0.0028839574 66.930046 0 0 0
 0 8 6 4 0.64412469 14.851951 0.0011299477 0.067986436 0.0010788715 41.153154 0 0 0
 0 10 0 2 0.87882063 10.871471 0.0025686363 0.28791338 0.002545856 87.74861 0 0 0
 0 10 1 4 0.86428031 11.054933 0.0047258943 0.51229054 0.0045490488 84.16198 0 0 0
 0 10 2 4 0.82464002 11.588119 0.005596801 0.55223239 0.0054787391 91.589117 0 0 0
 0 10 3 4 0.76918895 12.426688 0.003741635 0.32118773 0.0037545106 74.886692 0 0 0
 0 10 4 4 0.70751162 13.51483 0.0036134848 0.2624991 0.0035652429 73.593094 0 0 0
 0 10 5 4 0.64642644 14.79877 0.0032485911 0.19712472 0.0032269346 69.778474 0 0 0
 0 12 0 2 0.73235053 13.054423 0.0017723209 0.1382308 0.0018741469 72.888685 0 0 0
 0 12 1 4 0.723872 13.208002 0.0032071393 0.24437745 0.0030758555 69.33186 0 0 0
 0 12 2 4 0.7001008 13.658567 0.0033834667 0.24116123 0.0032789338 71.212281 0 0 0
 0 12 3 4 0.66520606 14.378743 0.0026174192 0.16844949 0.0025782884 62.634063 0 0 0
 0 12 4 4 0.62409624 15.331397 0.0026800865 0.15187994 0.0025926051 63.379433 0 0 0
 0 14 0 2 0.62772902 15.242143 0.0019022009 0.1092579 0.0018417511 75.512201 0 0 0
 0 14 1 4 0.62236514 15.374299 0.0023500465 0.13268855 0.002270792 59.348832 0 0 0
 1 1 -7 4 0.70858043 13.494349 0.0025817324 0.1864467 0.0025178907 -62.20561 0 0 0
 1 1 -6 4 0.8299905 11.513163 0.0030583468 0.30223624 0.0029978116 -67.704464 0 0 0
 1 1 -5 4 1.0002897 9.5480286 0.0050975899 0.7297736 0.0052787831 -87.409048 0 0 0
 1 1 -4 4 1.2548285 7.6080192 0.006570199 1.4760458 0.0066360214 -99.234618 0 0 0
 1 1 -3 4 1.6698877 5.7151767 0.0064464879 2.5561749 0.0067999937 -98.295928 0 0 0
 1 1 -2 4 2.4253125 3.9341823 0.0074415759 6.1968001 0.007440483 -105.61033 0 0 0
 1 1 -1 4 3.7996482 2.5108932 0.012209828 24.892966 0.013357164 -135.27848 0 0 0
 1 1 0 4 4.2111763 2.2654879 0.011986016 30.56933 0.012395798 -134.03289 0 0 0
 1 1 1 4 2.7589178 3.4583109 0.0085646813 9.4548115 0.0095185123 -113.2999 0 0 0
 1 1 2 4 1.8435499 5.1764223 0.0074808371 3.6836319 0.0074352271 -105.88856 0 0 0
 1 1 3 4 1.354631 7.0467623 0.0067402208 1.7902544 0.0070421451 -100.5104 0 0 0
 1 1 4 4 1.0638682 8.9762159 0.0047082927 0.77121844 0.004805513 -84.005103 0 0 0
 1 1 5 4 0.87370871 10.935271 0.0036590112 0.40446056 0.003677764 -74.055243 0 0 0
 1 1 6 4 0.74037501 12.912328 0.003291116 0.26152407 0.0035058925 -70.233698 0 0 0
 1 1 7 4 0.64196528 14.902192 0.0027615547 0.16524857 0.0026332656 -64.335513 0 0 0
 1 3 -7 4 0.69084352 13.842481 0.0059148613 0.40641741 0.0060081196 -94.155615 0 0 0
 1 3 -6 4 0.80187383 11.918294 0.0037790847 0.34899669 0.0037395984 -75.260527 0 0 0
 1 3 -5 4 0.95216331 10.031833 0.0041137972 0.53448057 0.0039436268 -78.522728 0 0 0
 1 3 -4 4 1.1635246 8.20602 0.0074169038 1.4360767 0.0071813795 -105.43511 0 0 0
 1 3 -3 4 1.4709131 6.489063 0.018523996 5.7229306 0.020186804 -166.62543 0 0 0
 1 3 -2 4 1.9118349 4.9914167 0.0095951956 5.0061036 0.0083626739 -119.92255 0 0 0
 1 3 -1 4 2.4052911 3.9669432 0.0058946475 4.8844111 0.0059067692 -93.994591 0 0 0
 1 3 0 4 2.5002181 3.8162714 0.01223867 11.040758 0.0099828914 -135.43816 0 0 0
 1 3 1 4 2.0630129 4.6254381 0.026780431 16.51185 0.029423053 -200.34695 0 0 0
 1 3 2 4 1.5854742 6.0197364 0.0094710919 3.4489744 0.0091711123 -119.14449 0 0 0
 1 3 3 4 1.2417476 7.6882842 0.0050221541 1.1212843 0.0050585931 -86.759883 0 0 0
 1 3 4 4 1.0065031 9.4889504 0.0053554423 0.7855675 0.0051526389 -89.592491 0 0 0
 1 3 5 4 0.84108802 11.360753 0.0085672196 0.87807743 0.0082244953 -113.31669 0 0 0
 1 3 6 4 0.72021063 13.27545 0.0040198527 0.30242801 0.0038865935 -77.62096 0 0 0
 1 3 7 4 0.62868662 15.218789 0.0020702801 0.11887201 0.0020040058 -55.704271 0 0 0
 1 5 -7 4 0.65903106 14.514191 0.0029881602 0.1871651 0.0030631146 -66.923074 0 0 0
 1 5 -6 4 0.75327083 12.690356 0.0024914743 0.20345871 0.0025711619 -61.108574 0 0 0
 1 5 -5 4 0.87364719 10.936044 0.0021799103 0.23906309 0.0021917208 -57.160136 0 0 0
 1 5 -4 4 1.0282355 9.287951 0.0046342022 0.70320493 0.0048267344 -83.341523 0 0 0
 1 5 -3 4 1.2222763 7.8109498 0.0067300582 1.4426686 0.0067194613 -100.4346 0 0 0
 1 5 -2 4 1.4422406 6.6182114 0.0050977374 1.5231651 0.0052467208 -87.410312 0 0 0
 1 5 -1 4 1.622183 5.8833928 0.0028050542 1.0633437 0.0028992768 -64.840233 0 0 0
 1 5 0 4 1.650384 5.7827741 0.0064846604 2.5532492 0.0068687782 -98.586526 0 0 0
 1 5 1 4 1.5039249 6.3464778 0.0087059239 2.8521363 0.0090507743 -114.23032 0 0 0
 1 5 2 4 1.2856679 7.4252663 0.0052365322 1.2542677 0.0053293067 -88.59227 0 0 0
 1 5 3 4 1.0810328 8.833406 0.0024097498 0.40806286 0.0024660253 -60.097986 0 0 0
 1 5 4 4 0.91505212 10.439795 0.0034380045 0.41721774 0.0034053565 -71.783918 0 0 0
 1 5 5 4 0.78549584 12.167725 0.0040228318 0.35996772 0.003955657 -77.649717 0 0 0
 1 5 6 4 0.68437778 13.973908 0.0027919834 0.18985984 0.0028619179 -64.688988 0 0 0
 1 7 -6 4 0.69452447 13.76876 0.0027310015 0.19008223 0.0027511319 -63.978626 0 0 0
 1 7 -5 4 0.78545114 12.168421 0.0052777756 0.46924869 0.0051922264 -88.940466 0 0 0
 1 7 -4 4 0.89208105 10.709395 0.0051585975 0.59128614 0.0053586078 -87.930545 0 0 0
 1 7 -3 4 1.0100948 9.4551326 0.0048705777 0.71589899 0.0047114873 -85.440578 0 0 0
 1 7 -2 4 1.1240173 8.4949676 0.0053688643 0.97827386 0.0054461172 -89.704691 0 0 0
 1 7 -1 4 1.2031923 7.9350372 0.0091551011 1.9149791 0.0094102371 -117.14008 0 0 0
 1 7 0 4 1.2145655 7.8606162 0.006996842 1.4941552 0.0068253327 -102.4059 0 0 0
 1 7 1 4 1.1524919 8.2847119 0.0057462331 1.1062461 0.0055408554 -92.803757 0 0 0
 1 7 2 4 1.044999 9.1386373 0.0053928078 0.85403951 0.0053413001 -89.904496 0 0 0
 1 7 3 4 0.92590564 10.317086 0.0065127627 0.80993624 0.0062803616 -98.799915 0 0 0
 1 7 4 4 0.81512947 11.723794 0.0040229847 0.38790845 0.0040392682 -77.651193 0 0 0
 1 7 5 4 0.71953889 13.287899 0.0031144678 0.23417476 0.0030364575 -68.322832 0 0 0
 1 7 6 4 0.63942482 14.961737 0.002929123 0.17412509 0.0027860686 -66.258675 0 0 0
 1 9 -6 4 0.63404834 15.089342 0.0023541834 0.13695585 0.0022570547 -59.401046 0 0 0
 1 9 -5 4 0.70095602 13.641823 0.0031999333 0.2272948 0.0031108307 -69.253927 0 0 0
 1 9 -4 4 0.77361098 12.355378 0.0040773599 0.35262768 0.0040916335 -78.174203 0 0 0
 1 9 -3 4 0.846836 11.283389 0.005739619 0.59493599 0.0057372282 -92.750332 0 0 0
 1 9 -2 4 0.91065823 10.490308 0.0042504999 0.50990106 0.0041842463 -79.816733 0 0 0
 1 9 -1 4 0.9512611 10.041372 0.0048387028 0.63411293 0.0046690071 -85.160542 0 0 0
 1 9 0 4 0.95685182 9.982553 0.0050542871 0.67095526 0.0048271896 -87.036996 0 0 0
 1 9 1 4 0.92560445 10.320452 0.0066536149 0.8272517 0.0064332657 -99.862578 0 0 0
 1 9 2 4 0.8670889 11.019014 0.0043290641 0.47261014 0.0041103953 -80.551002 0 0 0
 1 9 3 4 0.79535996 12.016261 0.0037787603 0.34726482 0.0034503338 -75.257296 0 0 0
 1 9 4 4 0.72180651 13.245967 0.0032083741 0.24297435 0.003060565 -69.345205 0 0 0
 1 9 5 4 0.65290922 14.651023 0.0038424024 0.23829167 0.0038536451 -75.888394 0 0 0
 1 11 -5 4 0.62583548 15.288535 0.00098141393 0.055744861 0.00095013162 -38.353063 0 0 0
 1 11 -4 4 0.67591754 14.149704 0.0027344543 0.18109989 0.0027441816 -64.019058 0 0 0
 1 11 -3 4 0.72312778 13.221656 0.0044436294 0.33687283 0.0042397783 -81.609902 0 0 0
 1 11 -2 4 0.76166195 12.549983 0.002815456 0.2369099 0.0028264026 -64.960343 0 0 0
 1 11 -1 4 0.78494446 12.176305 0.001252445 0.11201167 0.0012384177 -43.326467 0 0 0
 1 11 0 4 0.78807676 12.127727 0.0031221412 0.28167891 0.0029757395 -68.406948 0 0 0
 1 11 1 4 0.77034228 12.40801 0.0049289674 0.42519502 0.0049040875 -85.951194 0 0 0
 1 11 2 4 0.73561617 12.996219 0.0029385565 0.23129043 0.003069446 -66.365285 0 0 0
 1 11 3 4 0.6902792 13.853852 0.0010719749 0.074337653 0.0010899551 -40.083556 0 0 0
 1 11 4 4 0.64054088 14.93552 0.0021288102 0.12720772 0.0020404657 -56.486207 0 0 0
 1 13 -3 4 0.62821549 15.23027 0.0035949373 0.20630061 0.0034802582 -73.403979 0 0 0
 1 13 -2 4 0.65298776 14.649251 0.0029082091 0.18035698 0.0029175689 -66.021708 0 0 0
 1 13 -1 4 0.66748105 14.329478 0.0036112564 0.23411514 0.0035715183 -73.570397 0 0 0
 1 13 0 4 0.66940389 14.288102 0.0034056211 0.22217981 0.0034316295 -71.445043 0 0 0
 1 13 1 4 0.65843272 14.527452 0.0039971577 0.25243836 0.0040879113 -77.401537 0 0 0
 1 13 2 4 0.63635171 15.034408 0.0029918381 0.176592 0.0028263693 -66.964247 0 0 0
 2 0 -8 2 0.63390952 15.092666 0.0011025393 0.063610428 0.0010575963 57.489163 0 0 0
 2 0 -7 2 0.727072 13.149614 0.0020685052 0.15647965 0.0020598275 78.743959 0 0 0
 2 0 -6 2 0.85043776 11.235448 0.0043287909 0.44652355 0.0042660853 113.91273 0 0 0
 2 0 -5 2 1.0198173 9.3647892 0.0026540164 0.3922808 0.0025927333 89.195047 0 0 0
 2 0 -4 2 1.2616522 7.5668108 0.0025874541 0.58302133 0.0027006034 88.069446 0 0 0
 2 0 -3 2 1.6162328 5.905072 0.0050695241 1.8665566 0.0050637267 123.2743 0 0 0
 2 0 -2 2 2.1069308 4.5289725 0.014045391 8.7636094 0.014739254 205.18984 0 0 0
 2 0 -1 2 2.5352369 3.7635389 0.0058202126 5.2900508 0.0049474536 132.08648 0 0 0
 2 0 0 2 2.3989457 3.9774402 0.0027459711 2.270384 0.0026992315 90.727077 0 0 0
 2 0 1 2 1.890466 5.0478735 0.0051907795 2.6891602 0.0047233455 124.73985 0 0 0
 2 0 2 2 1.4529112 6.5695517 0.0099630393 3.0549773 0.010274719 172.81636 0 0 0
 2 0 3 2 1.1504927 8.299133 0.0036037245 0.69302684 0.0035238872 103.9357 0 0 0
 2 0 4 2 0.94275153 10.132245 0.0018967664 0.2449699 0.0018707621 75.404257 0 0 0
 2 0 5 2 0.79489258 12.023352 0.0019655462 0.18057154 0.0018045742 76.759222 0 0 0
 2 0 6 2 0.6855082 13.95075 0.0032305595 0.22095443 0.0033339358 98.407412 0 0 0
 2 2 -8 4 0.62741426 15.249835 0.0021671892 0.12254545 0.0020984451 56.993111 0 0 0
 2 2 -7 4 0.71731865 13.329214 0.0033352655 0.24573488 0.003335208 70.703213 0 0 0
 2 2 -6 4 0.83494386 11.444632 0.0034892051 0.34720768 0.0033771683 72.316466 0 0 0
 2 2 -5 4 0.99341329 9.6142752 0.0034300192 0.48163797 0.0034405659 71.700505 0 0 0
 2 2 -4 4 1.2126563 7.8730115 0.0043374926 0.90462055 0.0042656405 80.629379 0 0 0
 2 2 -3 4 1.5168771 6.2922321 0.0073785887 2.4007836 0.0079030526 105.16243 0 0 0
 2 2 -2 4 1.8998241 5.0229929 0.0081980939 4.181576 0.0075083498 110.84864 0 0 0
 2 2 -1 4 2.1959473 4.3452929 0.0064312011 4.4102735 0.0066649004 98.179313 0 0 0
 2 2 0 4 2.1055881 4.5318619 0.0056888465 3.6293681 0.0059735102 92.339188 0 0 0
 2 2 1 4 1.7365692 5.4955514 0.0074980415 3.2771516 0.0079040254 106.01025 0 0 0
 2 2 2 4 1.3794589 6.9197767 0.0066206798 1.8296835 0.0070669203 99.615114 0 0 0
 2 2 3 4 1.1129761 8.579399 0.0045917419 0.82637108 0.0047397714 82.958841 0 0 0
 2 2 4 4 0.92177493 10.363445 0.0031777719 0.39239174 0.0030513591 69.013698 0 0 0
 2 2 5 4 0.78219701 12.219236 0.0031102542 0.27672271 0.0031296345 68.2766 0 0 0
 2 2 6 4 0.6773155 14.12035 0.0028810598 0.19240379 0.0029536618 65.712816 0 0 0
 2 4 -7 4 0.69025696 13.854301 0.0036299092 0.24806871 0.0036910773 73.760155 0 0 0
 2 4 -6 4 0.79309524 12.050701 0.0029827093 0.26839188 0.0028381129 66.862006 0 0 0
 2 4 -5 4 0.92502244 10.326963 0.0035676333 0.43567762 0.0034641978 73.124691 0 0 0
 2 4 -4 4 1.0940897 8.7277826 0.0073347726 1.2507119 0.0071325722 104.84972 0 0 0
 2 4 -3 4 1.3019064 7.3325246 0.0078006274 1.8819678 0.0078362344 108.12813 0 0 0
 2 4 -2 4 1.5206871 6.2764518 0.0059531588 1.9626319 0.006387508 94.459942 0 0 0
 2 4 -1 4 1.6603377 5.7480771 0.0063058981 2.4909736 0.0063513417 97.218164 0 0 0
 2 4 0 4 1.6202323 5.8904825 0.010791344 4.0867045 0.011069802 127.17792 0 0 0
 2 4 1 4 1.4330003 6.6609348 0.0080135626 2.3847426 0.0079744831 109.594 0 0 0
 2 4 2 4 1.2118883 7.8780085 0.0052643011 1.1225919 0.0051886352 88.826859 0 0 0
 2 4 3 4 1.0192083 9.3703978 0.0046375969 0.69997822 0.0045266435 83.372042 0 0 0
 2 4 4 4 0.86635997 11.028314 0.0052236851 0.56998934 0.0049693412 88.483529 0 0 0
 2 4 5 4 0.74747476 12.789169 0.0034809383 0.28295179 0.0034912073 72.230746 0 0 0
 2 4 6 4 0.65439456 14.617586 0.0024342319 0.15183069 0.0024530165 60.4025 0 0 0
 2 6 -7 4 0.65124905 14.688577 0.0034005598 0.20739113 0.0034024385 71.391934 0 0 0
 2 6 -6 4 0.73545655 12.999052 0.0055613638 0.43165264 0.0058096754 91.2987 0 0 0
 2 6 -5 4 0.83693358 11.417333 0.0038287183 0.38422968 0.003624784 75.753142 0 0 0
 2 6 -4 4 0.95591746 9.9923353 0.0045663659 0.59732757 0.0043569442 82.72929 0 0 0
 2 6 -3 4 1.0853277 8.7983816 0.0066043766 1.1140565 0.0066575162 99.492389 0 0 0
 2 6 -2 4 1.2026455 7.9386504 0.011937388 2.4773806 0.012292422 133.76072 0 0 0
 2 6 -1 4 1.2682557 7.5273556 0.0066024274 1.5291527 0.0064881672 99.477705 0 0 0
 2 6 0 4 1.2501091 7.6367837 0.0057225061 1.2927528 0.0056444661 92.61196 0 0 0
 2 6 1 4 1.1578434 8.246354 0.0066315168 1.2889104 0.0062376702 99.696607 0 0 0
 2 6 2 4 1.0315064 9.2584341 0.009978334 1.5418352 0.010421203 122.29338 0 0 0
 2 6 3 4 0.9047567 10.558927 0.0049347163 0.58717639 0.0049777481 86.001304 0 0 0
 2 6 4 4 0.79273709 12.056166 0.003386215 0.30956242 0.0032437281 71.241197 0 0 0
 2 6 5 4 0.69864024 13.687258 0.0031756301 0.22569132 0.0031037376 68.990437 0 0 0
 2 6 6 4 0.62087379 15.411452 0.0044466828 0.24989609 0.0042915722 81.637936 0 0 0
 2 8 -6 4 0.67247132 14.22259 0.0034765933 0.22638035 0.0035149201 72.185653 0 0 0
 2 8 -5 4 0.74739771 12.790492 0.0024948907 0.2004642 0.002502955 61.150456 0 0 0
 2 8 -4 4 0.82848624 11.534138 0.0015716434 0.1551247 0.0015534822 48.534544 0 0 0
 2 8 -3 4 0.90853402 10.514904 0.0039047362 0.46377777 0.003927562 76.501472 0 0 0
 2 8 -2 4 0.97407705 9.8055892 0.0058908884 0.80558564 0.0059928755 93.964615 0 0 0
 2 8 -1 4 1.0079697 9.4751131 0.0037974293 0.55738212 0.0036462144 75.442972 0 0 0
 2 8 0 4 0.99878737 9.5624238 0.001662477 0.24018683 0.0017491434 49.917378 0 0 0
 2 8 1 4 0.94981055 10.056747 0.0037918878 0.49643534 0.0037074663 75.387906 0 0 0
 2 8 2 4 0.87625422 10.903408 0.0053052942 0.59200742 0.0052414328 89.172035 0 0 0
 2 8 3 4 0.79451152 12.02914 0.0031941348 0.29333494 0.0029508496 69.191152 0 0 0
 2 8 4 4 0.71541756 13.364795 0.0012549764 0.09353539 0.0012789441 43.370229 0 0 0
 2 8 5 4 0.64398169 14.855267 0.0021095151 0.12753212 0.0020103416 56.229634 0 0 0
 2 10 -5 4 0.66573475 14.367264 0.0026083398 0.16692348 0.0025616796 62.525335 0 0 0
 2 10 -4 4 0.72112029 13.258628 0.0046698504 0.35060239 0.0044729543 83.661457 0 0 0
 2 10 -3 4 0.7720665 12.380191 0.0045552525 0.39225272 0.0045424125 82.628557 0 0 0
 2 10 -2 4 0.8110915 11.782366 0.0044498957 0.42340352 0.0042691165 81.667424 0 0 0
 2 10 -1 4 0.83034778 11.508193 0.0038794022 0.38748008 0.0037958762 76.252897 0 0 0
 2 10 0 4 0.82519199 11.580341 0.0056272099 0.55604038 0.005497439 91.837595 0 0 0
 2 10 1 4 0.7969203 11.992647 0.0045213381 0.41731192 0.004137712 82.320393 0 0 0
 2 10 2 4 0.75196245 12.712527 0.0040674524 0.33467615 0.0041441662 78.079168 0 0 0
 2 10 3 4 0.69838147 13.692353 0.0032319817 0.22963281 0.003168876 69.599864 0 0 0
 2 10 4 4 0.64283394 14.881941 0.0036930063 0.22254652 0.0035008869 74.398463 0 0 0
 2 12 -4 4 0.63337697 15.10543 0.0029777445 0.17310764 0.0028614608 66.806337 0 0 0
 2 12 -3 4 0.66706462 14.338471 0.0031972462 0.20624556 0.0031512658 69.224843 0 0 0
 2 12 -2 4 0.69175313 13.82419 0.0031511305 0.21877771 0.0032041665 68.723795 0 0 0
 2 12 -1 4 0.70358333 13.590641 0.002679972 0.19270117 0.0026906385 63.378079 0 0 0
 2 12 0 4 0.70043846 13.651951 0.0034055372 0.24298824 0.0033025863 71.444164 0 0 0
 2 12 1 4 0.68289895 14.00432 0.0031220208 0.21199806 0.0031957825 68.405629 0 0 0
 2 12 2 4 0.65396944 14.62714 0.0029546488 0.18420164 0.002973535 66.546754 0 0 0
 2 12 3 4 0.61780271 15.488531 0.0023551989 0.13118184 0.002253947 59.413855 0 0 0
 3 1 -8 4 0.63625319 15.036749 0.0018726302 0.10841051 0.0017706494 -52.978535 0 0 0
 3 1 -7 4 0.72463274 13.194075 0.0036039936 0.26966684 0.003490381 -73.49638 0 0 0
 3 1 -6 4 0.8372755 11.412655 0.0045260305 0.45051661 0.0042694987 -82.363099 0 0 0
 3 1 -5 4 0.98229027 9.7234036 0.0037689652 0.51454444 0.003845273 -75.159694 0 0 0
 3 1 -4 4 1.1670913 8.1808991 0.0039855584 0.76566593 0.0038920904 -77.28915 0 0 0
 3 1 -3 4 1.3870161 6.8820287 0.0073108905 1.9803424 0.0073657317 -104.67888 0 0 0
 3 1 -2 4 1.5945343 5.9855009 0.0089255021 3.2027667 0.0083389085 -115.66189 0 0 0
 3 1 -1 4 1.6791213 5.683723 0.0063583418 2.5512352 0.0066776187 -97.62159 0 0 0
 3 1 0 4 1.5734549 6.0657626 0.0053741721 1.9134529 0.0054626706 -89.749023 0 0 0
 3 1 1 4 1.3595462 7.0212541 0.0068632346 1.8373881 0.0070214251 -101.42345 0 0 0
 3 1 2 4 1.142588 8.3566504 0.0059942503 1.1372921 0.0059408733 -94.785385 0 0 0
 3 1 3 4 0.96277733 9.9209601 0.0041511503 0.56007948 0.0040169712 -78.878414 0 0 0
 3 1 4 4 0.8221294 11.623628 0.0032860269 0.32360043 0.0033003847 -70.179375 0 0 0
 3 1 5 4 0.71281818 13.413755 0.0031635375 0.2344387 0.0032104424 -68.858956 0 0 0
 3 1 6 4 0.6268999 15.262422 0.0025417259 0.14587541 0.0024612755 -61.72176 0 0 0
 3 3 -8 4 0.62331877 15.350636 0.0024897528 0.1384918 0.0024075664 -61.087458 0 0 0
 3 3 -7 4 0.70569518 13.549779 0.0028599424 0.20324209 0.0028994452 -65.471544 0 0 0
 3 3 -6 4 0.80843751 11.821184 0.0047283785 0.43961481 0.0046315174 -84.184097 0 0 0
 3 3 -5 4 0.93659965 10.198972 0.0093692219 1.1658686 0.0091373135 -118.50201 0 0 0
 3 3 -4 4 1.0925585 8.7400383 0.0056857514 0.96070907 0.0055207658 -92.314065 0 0 0
 3 3 -3 4 1.2665494 7.537511 0.0055177949 1.2524042 0.0054940525 -90.940371 0 0 0
 3 3 -2 4 1.4186313 6.7284792 0.0088396697 2.5245423 0.0085368048 -115.10441 0 0 0
 3 3 -1 4 1.4772119 6.4613643 0.018273486 5.6977222 0.018915827 -165.49491 0 0 0
 3 3 0 4 1.4037254 6.8000112 0.0079111574 2.2453869 0.0075982675 -108.89149 0 0 0
 3 3 1 4 1.2455302 7.6649 0.0051907204 1.166632 0.0051582538 -88.203894 0 0 0
 3 3 2 4 1.0723782 8.9048395 0.0061598618 1.0294706 0.0059483778 -96.085848 0 0 0
 3 3 3 4 0.91963928 10.387578 0.0098722951 1.2153428 0.009493338 -121.64185 0 0 0
 3 3 4 4 0.79477819 12.025089 0.0044324666 0.40799879 0.0040764716 -81.507332 0 0 0
 3 3 5 4 0.69476919 13.763887 0.0024882798 0.17521881 0.0025033711 -61.069385 0 0 0
 3 5 -7 4 0.6718865 14.235034 0.0017855305 0.11531438 0.0018110041 -51.731798 0 0 0
 3 5 -6 4 0.75870401 12.599109 0.0033855786 0.27812166 0.0034728611 -71.234502 0 0 0
 3 5 -5 4 0.86157838 11.08971 0.0041115731 0.43474168 0.0040670261 -78.501499 0 0 0
 3 5 -4 4 0.97827452 9.7634142 0.0033255764 0.45291463 0.0034039518 -70.60044 0 0 0
 3 5 -3 4 1.0972787 8.7023682 0.002682015 0.45985725 0.0026146972 -63.402232 0 0 0
 3 5 -2 4 1.1917798 8.0111467 0.005427077 1.1009798 0.0055201777 -90.189698 0 0 0
 3 5 -1 4 1.2258833 7.7879316 0.0066126612 1.4265559 0.006553941 -99.554771 0 0 0
 3 5 0 4 1.1829011 8.0713766 0.0043176419 0.87205994 0.0043062503 -80.444666 0 0 0
 3 5 1 4 1.0835259 8.8130412 0.0024904318 0.4238475 0.0025542363 -61.095788 0 0 0
 3 5 2 4 0.96370804 9.9113548 0.0040351179 0.54471535 0.0038967118 -77.768201 0 0 0
 3 5 3 4 0.84832077 11.263577 0.0044509562 0.46635308 0.0044128753 -81.677155 0 0 0
 3 5 4 4 0.74737964 12.790803 0.0028917621 0.23546548 0.0029013191 -65.834755 0 0 0
 3 5 5 4 0.66243639 14.439181 0.0015069602 0.096518257 0.0015306744 -47.525297 0 0 0
 3 7 -7 4 0.62920148 15.206262 0.0039004561 0.22163256 0.0037747332 -76.459533 0 0 0
 3 7 -6 4 0.69877612 13.684583 0.0040331312 0.28213491 0.003935729 -77.749055 0 0 0
 3 7 -5 4 0.77664602 12.306908 0.0032105126 0.27711476 0.0032959518 -69.368313 0 0 0
 3 7 -4 4 0.85886478 11.124859 0.0033810764 0.35683343 0.0033869706 -71.187121 0 0 0
 3 7 -3 4 0.93605212 10.204954 0.0068643703 0.86147305 0.006746187 -101.43184 0 0 0
 3 7 -2 4 0.99267773 9.6214159 0.0063888405 0.90401577 0.0063901022 -97.855438 0 0 0
 3 7 -1 4 1.0121277 9.4360988 0.0048399965 0.71450628 0.0047205534 -85.171926 0 0 0
 3 7 0 4 0.98752933 9.6716956 0.0042542445 0.60012766 0.0042235943 -79.851883 0 0 0
 3 7 1 4 0.92747065 10.29963 0.0065775956 0.82101111 0.0062660567 -99.290461 0 0 0
 3 7 2 4 0.84895724 11.255105 0.0049463145 0.51846942 0.0048775344 -86.10231 0 0 0
 3 7 3 4 0.76689333 12.464033 0.0034958583 0.29950865 0.0036212365 -72.385379 0 0 0
 3 7 4 4 0.68989879 13.861529 0.0028500003 0.19787767 0.0029027385 -65.357645 0 0 0
 3 7 5 4 0.62142037 15.397815 0.0034769283 0.19613018 0.0033569707 -72.18913 0 0 0
 3 9 -6 4 0.6372783 15.012422 0.0032229931 0.18829035 0.0030253876 -69.503012 0 0 0
 3 9 -5 4 0.69467639 13.765734 0.0039423595 0.27347948 0.0039681472 -76.869145 0 0 0
 3 9 -4 4 0.75164777 12.717872 0.0029959414 0.24334583 0.0030485416 -67.010151 0 0 0
 3 9 -3 4 0.80176369 11.919938 0.0040266093 0.37253052 0.0039796026 -77.686166 0 0 0
 3 9 -2 4 0.8364936 11.423358 0.0046518716 0.46939171 0.0044272712 -83.500255 0 0 0
 3 9 -1 4 0.84803284 11.267414 0.005678153 0.59036715 0.0056441773 -92.252361 0 0 0
 3 9 0 4 0.83340605 11.46582 0.0036915388 0.37167819 0.003603091 -74.38368 0 0 0
 3 9 1 4 0.79635129 12.001248 0.0038459342 0.35439608 0.0035034051 -75.923264 0 0 0
 3 9 2 4 0.74497983 12.832179 0.0037354695 0.30182523 0.0038374025 -74.824968 0 0 0
 3 9 3 4 0.68767095 13.906657 0.0042234174 0.29123434 0.0043730043 -79.562047 0 0 0
 3 9 4 4 0.630523 15.174204 0.0026293652 0.15265155 0.0025415867 -62.776832 0 0 0
 3 11 -5 4 0.62135397 15.39947 0.0033432612 0.18634299 0.0032274296 -70.787911 0 0 0
 3 11 -4 4 0.66112065 14.46807 0.0022097417 0.13945926 0.0022636268 -57.549916 0 0 0
 3 11 -3 4 0.6944529 13.770186 0.0011982672 0.083515027 0.0012075919 -42.379008 0 0 0
 3 11 -2 4 0.71665604 13.341594 0.0028739355 0.21363055 0.0028973899 -65.631518 0 0 0
 3 11 -1 4 0.72387256 13.207992 0.0043640149 0.33157489 0.0041853981 -80.875514 0 0 0
 3 11 0 4 0.71471158 13.378057 0.0026710549 0.1982317 0.0027257261 -63.272552 0 0 0
 3 11 1 4 0.69092694 13.840801 0.0011160577 0.07755226 0.0011336534 -40.899431 0 0 0
 3 11 2 4 0.65656975 14.568895 0.0023522383 0.14784985 0.0023917029 -59.376501 0 0 0
 3 13 -2 4 0.62395823 15.334809 0.0033378031 0.18871958 0.0032286036 -70.730105 0 0 0
 3 13 -1 4 0.62870363 15.218375 0.0035604894 0.20466692 0.0034464306 -73.051441 0 0 0
 3 13 0 4 0.62267365 15.366635 0.0025618893 0.14467364 0.0024761806 -61.966094 0 0 0
 4 0 -8 2 0.63082612 15.166869 0.0024115645 0.13676686 0.00233036 85.023382 0 0 0
 4 0 -7 2 0.71099789 13.448255 0.0016202688 0.11631375 0.0016169194 69.691927 0 0 0
 4 0 -6 2 0.80811638 11.825898 0.0017689504 0.16349839 0.0017433626 72.819344 0 0 0
 4 0 -5 2 0.92361696 10.342721 0.0027861387 0.33542924 0.0027098384 91.388239 0 0 0
 4 0 -4 2 1.0534654 9.0650389 0.0058008423 0.90704611 0.0057472333 131.8665 0 0 0
 4 0 -3 2 1.1803407 8.0889144 0.0032391579 0.63633873 0.0032294128 98.538285 0 0 0
 4 0 -2 2 1.2676184 7.5311452 0.0027151213 0.61797277 0.0026792359 90.215999 0 0 0
 4 0 -1 2 1.2754008 7.4851252 0.003922612 0.9108647 0.003818542 108.43678 0 0 0
 4 0 0 2 1.1994729 7.9596824 0.0073949951 1.5313414 0.0074939641 148.88738 0 0 0
 4 0 1 2 1.0763186 8.872173 0.0031664002 0.53123041 0.0030471216 97.42532 0 0 0
 4 0 2 2 0.94523301 10.105576 0.0019823288 0.25749249 0.0019758945 77.086225 0 0 0
 4 0 3 2 0.82672118 11.558847 0.0021921479 0.21833889 0.0021538312 81.063223 0 0 0
 4 0 4 2 0.72645559 13.160821 0.0035385124 0.27259784 0.0035113961 102.99101 0 0 0
 4 0 5 2 0.64355608 14.865147 0.0016519869 0.10003058 0.001567826 70.370759 0 0 0
 4 2 -8 4 0.62442423 15.323296 0.0020874294 0.11606726 0.0020195683 55.93451 0 0 0
 4 2 -7 4 0.70186922 13.62399 0.0021145016 0.14803797 0.0020717473 56.296053 0 0 0
 4 2 -6 4 0.79478725 12.024952 0.0030981951 0.27727153 0.002848962 68.14411 0 0 0
 4 2 -5 4 0.90386556 10.569367 0.0045966972 0.53069855 0.0046715907 83.003593 0 0 0
 4 2 -4 4 1.0244355 9.3224787 0.0042616927 0.6312297 0.0042811714 79.921754 0 0 0
 4 2 -3 4 1.1399304 8.3761678 0.0037212112 0.68318223 0.0037412373 74.682027 0 0 0
 4 2 -2 4 1.2179512 7.838731 0.0044788157 0.94282512 0.0043663868 81.932374 0 0 0
 4 2 -1 4 1.2248492 7.7945165 0.0062756309 1.3457406 0.0062365408 96.984568 0 0 0
 4 2 0 4 1.1571357 8.2514057 0.0052531821 1.0130003 0.0049394343 88.733001 0 0 0
 4 2 1 4 1.0454138 9.1350041 0.0037513601 0.59387389 0.003708805 74.983951 0 0 0
 4 2 2 4 0.92409402 10.337367 0.0032743439 0.40653779 0.0031879042 70.054507 0 0 0
 4 2 3 4 0.81246643 11.762357 0.003686361 0.35463192 0.0035853488 74.331496 0 0 0
 4 2 4 4 0.71672669 13.340273 0.003125447 0.23438966 0.0031482685 68.443153 0 0 0
 4 2 5 4 0.63676295 15.024642 0.0022130849 0.13120628 0.002083398 57.593435 0 0 0
 4 4 -7 4 0.67645817 14.138337 0.00208565 0.13593686 0.0021098028 55.910664 0 0 0
 4 4 -6 4 0.75843856 12.603537 0.0047609395 0.38907486 0.0049077926 84.473458 0 0 0
 4 4 -5 4 0.85143992 11.222181 0.0051817217 0.53271279 0.0051613608 88.127406 0 0 0
 4 4 -4 4 0.94991205 10.05567 0.0036514846 0.46700477 0.0035667753 73.979038 0 0 0
 4 4 -3 4 1.0397862 9.1845505 0.0036705359 0.56332595 0.0037107564 74.171777 0 0 0
 4 4 -2 4 1.0979736 8.6968497 0.0074485058 1.2797842 0.0072519505 105.65949 0 0 0
 4 4 -1 4 1.1030194 8.6569903 0.0070384766 1.2276849 0.0068534873 102.71013 0 0 0
 4 4 0 4 1.0527941 9.0708313 0.0044155616 0.7059252 0.0043768994 81.351753 0 0 0
 4 4 1 4 0.96656482 9.8819878 0.0036700975 0.49698217 0.0035127327 74.167347 0 0 0
 4 4 2 4 0.8682846 11.003793 0.0053036058 0.58151473 0.005051674 89.157844 0 0 0
 4 4 3 4 0.77375537 12.353064 0.0042372557 0.36979325 0.0042558613 79.692285 0 0 0
 4 4 4 4 0.68972946 13.864949 0.0026846918 0.18650521 0.0027370733 63.433863 0 0 0
 4 4 5 4 0.61760568 15.493502 0.0021425187 0.11953595 0.0020488652 56.667786 0 0 0
 4 6 -7 4 0.63962189 14.957101 0.0024684012 0.14430333 0.0023521575 60.824958 0 0 0
 4 6 -6 4 0.70756755 13.513756 0.003190251 0.22779157 0.0031449785 69.149074 0 0 0
 4 6 -5 4 0.78125866 12.233969 0.0044275025 0.38499342 0.004491984 81.461678 0 0 0
 4 6 -4 4 0.85523315 11.172249 0.0068696973 0.7159232 0.006880958 101.47119 0 0 0
 4 6 -3 4 0.91905921 10.394152 0.0043504366 0.52447569 0.0042094077 80.749597 0 0 0
 4 6 -2 4 0.95850465 9.9652959 0.004717815 0.6207334 0.004523636 84.090008 0 0 0
 4 6 -1 4 0.96185598 9.9304871 0.0056805681 0.75604325 0.0055005052 92.271977 0 0 0
 4 6 0 4 0.92800499 10.293683 0.0082150071 1.02247 0.0078166554 110.96293 0 0 0
 4 6 1 4 0.86732578 11.015995 0.0043280235 0.47237874 0.0041088577 80.541321 0 0 0
 4 6 2 4 0.79421077 12.033712 0.0035020189 0.32144559 0.0032540355 72.449132 0 0 0
 4 6 3 4 0.71995545 13.280176 0.0035982969 0.27201222 0.0034899234 73.43827 0 0 0
 4 6 4 4 0.65080597 14.698632 0.0048094115 0.2976244 0.004824344 84.902389 0 0 0
 4 8 -6 4 0.65095319 14.695289 0.001354361 0.082203689 0.001357192 45.054809 0 0 0
 4 8 -5 4 0.70694685 13.525677 0.002903661 0.207743 0.0028918867 65.970063 0 0 0
 4 8 -4 4 0.76034353 12.571833 0.0039636493 0.32818654 0.0039704505 77.076423 0 0 0
 4 8 -3 4 0.8041444 11.884521 0.0028150689 0.26113815 0.0028539965 64.955878 0 0 0
 4 8 -2 4 0.83016886 11.510681 0.0016524488 0.16381435 0.0016181973 49.766597 0 0 0
 4 8 -1 4 0.83234338 11.480508 0.0034450865 0.34448427 0.0033664217 71.857815 0 0 0
 4 8 0 4 0.81011615 11.796602 0.0045691736 0.4343195 0.0043816398 82.754719 0 0 0
 4 8 1 4 0.76880337 12.432945 0.002865435 0.24606262 0.0028897081 65.534385 0 0 0
 4 8 2 4 0.71650016 13.34451 0.0013235884 0.098973798 0.0013368374 44.540022 0 0 0
 4 8 3 4 0.66056014 14.480413 0.0023611995 0.15038552 0.0024245898 59.489495 0 0 0
 4 10 -5 4 0.6366677 15.026903 0.003662756 0.21354055 0.0034507091 74.093129 0 0 0
 4 10 -4 4 0.67483474 14.172524 0.0030604943 0.20056928 0.0030497099 67.728231 0 0 0
 4 10 -3 4 0.70489679 13.565198 0.0026821961 0.19205343 0.0027261224 63.404372 0 0 0
 4 10 -2 4 0.72222903 13.238183 0.0047337299 0.35657661 0.004510865 84.231722 0 0 0
 4 10 -1 4 0.72365949 13.211898 0.0043780918 0.33194626 0.0041908163 81.005848 0 0 0
 4 10 0 4 0.70890873 13.488071 0.0035622558 0.259885 0.0034713114 73.06956 0 0 0
 4 10 1 4 0.68072839 14.049199 0.002693565 0.18165174 0.0027667086 63.538605 0 0 0
 4 10 2 4 0.64361899 14.863686 0.003750454 0.22660739 0.0035610037 74.974894 0 0 0
 4 12 -3 4 0.62229931 15.375935 0.0019438474 0.10892673 0.0018779485 53.976538 0 0 0
 4 12 -2 4 0.63412784 15.087439 0.0030288199 0.17652669 0.0029029814 67.376844 0 0 0
 4 12 -1 4 0.63509542 15.06432 0.0031118442 0.18227902 0.0029691604 68.29405 0 0 0
 4 12 0 4 0.62505454 15.307751 0.0026280811 0.1494275 0.0025435133 62.761501 0 0 0
 5 1 -7 4 0.67967639 14.071054 0.0021098702 0.13819014 0.0021794806 -56.234368 0 0 0
 5 1 -6 4 0.75617774 12.641372 0.0023013129 0.18609001 0.0024308959 -58.73024 0 0 0
 5 1 -5 4 0.83892357 11.390161 0.0044757638 0.44476451 0.0042051034 -81.904455 0 0 0
 5 1 -4 4 0.92027746 10.380355 0.0053406225 0.63868713 0.0051134884 -89.468443 0 0 0
 5 1 -3 4 0.98603954 9.6863433 0.0037089387 0.51046453 0.003695585 -74.558776 0 0 0
 5 1 -2 4 1.018429 9.3775839 0.0033087283 0.48822403 0.00323331 -70.421374 0 0 0
 5 1 -1 4 1.0062474 9.4913671 0.0052940591 0.76763735 0.0051010617 -89.077564 0 0 0
 5 1 0 4 0.95390875 10.013431 0.0054788034 0.71861951 0.0052209667 -90.618486 0 0 0
 5 1 1 4 0.87767042 10.885761 0.0035553871 0.39688507 0.0035056903 -72.99908 0 0 0
 5 1 2 4 0.79423462 12.03335 0.0027113666 0.24882786 0.0025181608 -63.748221 0 0 0
 5 1 3 4 0.71424702 13.386798 0.0032428784 0.24136788 0.0033074112 -69.717094 0 0 0
 5 1 4 4 0.64242322 14.891509 0.003026398 0.18264284 0.0028753135 -67.349901 0 0 0
 5 3 -7 4 0.66397596 14.405523 0.0049119942 0.30750958 0.0049078724 -85.803077 0 0 0
 5 3 -6 4 0.73473187 13.011929 0.0033886143 0.2591796 0.0035504091 -71.266431 0 0 0
 5 3 -5 4 0.80992079 11.799458 0.003742871 0.34744271 0.0035933054 -74.899061 0 0 0
 5 3 -4 4 0.88238696 10.8274 0.0051573741 0.56846089 0.0051989612 -87.920117 0 0 0
 5 3 -3 4 0.93984799 10.163629 0.0091516966 1.1472239 0.008791228 -117.1183 0 0 0
 5 3 -2 4 0.96776829 9.8696685 0.0051259195 0.68447187 0.0049215669 -87.651596 0 0 0
 5 3 -1 4 0.95729751 9.9778937 0.0044418956 0.58382434 0.0042451403 -81.59398 0 0 0
 5 3 0 4 0.91190084 10.475973 0.0052465416 0.62944021 0.0051242085 -88.6769 0 0 0
 5 3 1 4 0.84462059 11.313082 0.0082415025 0.85241281 0.0080966705 -111.14173 0 0 0
 5 3 2 4 0.76949261 12.421765 0.0040166108 0.34609982 0.0040172317 -77.589654 0 0 0
 5 3 3 4 0.69609203 13.737604 0.0026221838 0.18541352 0.0026246325 -62.691045 0 0 0
 5 3 4 4 0.6291167 15.208324 0.0028463996 0.1647731 0.0027549963 -65.316345 0 0 0
 5 5 -7 4 0.63558532 15.052641 0.0024571293 0.14135175 0.0023368074 -60.685921 0 0 0
 5 5 -6 4 0.69680095 13.72356 0.0021581019 0.1489551 0.0021523073 -56.873495 0 0 0
 5 5 -5 4 0.75992964 12.578707 0.0021871362 0.17942222 0.0021992528 -57.254795 0 0 0
 5 5 -4 4 0.8188166 11.670818 0.0037004536 0.35268405 0.0037691791 -74.473441 0 0 0
 5 5 -3 4 0.86410499 11.057183 0.0039945193 0.42501264 0.0038507375 -77.375988 0 0 0
 5 5 -2 4 0.88565444 10.787336 0.0030214146 0.339069 0.0031178494 -67.294428 0 0 0
 5 5 -1 4 0.87760806 10.886537 0.0023528367 0.26055355 0.0023196642 -59.384053 0 0 0
 5 5 0 4 0.84223526 11.345227 0.0037161356 0.3809052 0.0035964841 -74.631079 0 0 0
 5 5 1 4 0.78837091 12.123185 0.0038379839 0.34616002 0.0036518816 -75.844748 0 0 0
 5 5 2 4 0.72623795 13.164782 0.0025459087 0.19551739 0.002521872 -61.772525 0 0 0
 5 5 3 4 0.66358271 14.414105 0.0015885652 0.10212787 0.0015951544 -48.795129 0 0 0
 5 7 -6 4 0.64952211 14.727847 0.0020094361 0.12101246 0.0020366634 -54.879613 0 0 0
 5 7 -5 4 0.69973331 13.665774 0.0046998101 0.32838523 0.0045559586 -83.929396 0 0 0
 5 7 -4 4 0.74488818 12.833764 0.0046972655 0.37226746 0.0048323702 -83.906672 0 0 0
 5 7 -3 4 0.77849514 12.277564 0.0031837355 0.27620508 0.0032759688 -69.078426 0 0 0
 5 7 -2 4 0.7941422 12.034755 0.0028210865 0.25553089 0.0026250125 -65.025267 0 0 0
 5 7 -1 4 0.78832571 12.123883 0.005402301 0.48411741 0.0051413454 -89.983593 0 0 0
 5 7 0 4 0.76238854 12.537975 0.0047772961 0.40201421 0.0048365164 -84.618441 0 0 0
 5 7 1 4 0.72174687 13.247066 0.0030575286 0.23142533 0.0029173755 -67.695407 0 0 0
 5 7 2 4 0.67316547 14.207849 0.0023387776 0.15446084 0.0023539849 -59.206366 0 0 0
 5 7 3 4 0.62236637 15.374268 0.0035376411 0.20021467 0.0034183332 -72.816673 0 0 0
 5 9 -5 4 0.63800411 14.995245 0.0029968392 0.1749067 0.0028147489 -67.020191 0 0 0
 5 9 -4 4 0.67167142 14.239616 0.0035443602 0.22948244 0.0035983188 -72.88579 0 0 0
 5 9 -3 4 0.6959987 13.739455 0.0038663371 0.26930091 0.0038713154 -76.124385 0 0 0
 5 9 -2 4 0.7071123 13.522497 0.0026873364 0.19372719 0.0026688517 -63.465099 0 0 0
 5 9 -1 4 0.70299683 13.602033 0.0033526456 0.23963934 0.0033360712 -70.887191 0 0 0
 5 9 0 4 0.68441738 13.973096 0.0035589561 0.24189872 0.0036486355 -73.03571 0 0 0
 5 9 1 4 0.65455752 14.613927 0.0037134224 0.2315532 0.0037442096 -74.603829 0 0 0
 5 9 2 4 0.6176725 15.491816 0.0022898984 0.12749167 0.0021897749 -58.584408 0 0 0
 5 11 -3 4 0.62229967 15.375926 0.0032299787 0.18061691 0.0031204778 -69.578293 0 0 0
 5 11 -2 4 0.6302053 15.181898 0.0021420678 0.1231099 0.0020715454 -56.661823 0 0 0
 5 11 -1 4 0.62728668 15.252956 0.0010946022 0.062485054 0.0010598671 -40.504391 0 0 0
 6 0 -7 2 0.64386331 14.858014 0.0015659568 0.09199425 0.0014902629 68.513923 0 0 0
 6 0 -6 2 0.70231025 13.615394 0.0027995782 0.19534768 0.0027578195 91.608388 0 0 0
 6 0 -5 2 0.76017771 12.574586 0.0018828291 0.15385387 0.0018884682 75.126713 0 0 0
 6 0 -4 2 0.81072358 11.787732 0.0018679165 0.17382713 0.0017896845 74.828609 0 0 0
 6 0 -3 2 0.84507896 11.306926 0.0023753195 0.24094807 0.0023440736 84.382028 0 0 0
 6 0 -2 2 0.85531787 11.171139 0.0041233005 0.43055921 0.0041279172 111.1761 0 0 0
 6 0 -1 2 0.83874819 11.39255 0.0022473717 0.22697195 0.0021096856 82.077929 0 0 0
 6 0 0 2 0.79964858 11.951581 0.0017282607 0.15954576 0.0016631816 71.97697 0 0 0
 6 0 1 2 0.74657112 12.804713 0.0019427297 0.15708469 0.0019593396 76.312403 0 0 0
 6 0 2 2 0.68805638 13.898829 0.0030557106 0.21068465 0.0031555196 95.707297 0 0 0
 6 0 3 2 0.63015534 15.183109 0.0015280125 0.088645718 0.0014776792 67.67876 0 0 0
 6 2 -7 4 0.63706055 15.017583 0.0028932143 0.16652028 0.002718408 65.851284 0 0 0
 6 2 -6 4 0.69350804 13.789038 0.0023703928 0.16142182 0.0024024522 59.605193 0 0 0
 6 2 -5 4 0.74905123 12.76214 0.0022746648 0.18064727 0.002291511 58.389217 0 0 0
 6 2 -4 4 0.79726717 11.987411 0.0032003337 0.28830933 0.0029427844 69.25826 0 0 0
 6 2 -3 4 0.82987091 11.514828 0.0042170992 0.41291222 0.0041365278 79.502512 0 0 0
 6 2 -2 4 0.83956063 11.381489 0.0033365936 0.33595859 0.0031510569 70.717289 0 0 0
 6 2 -1 4 0.82387342 11.598938 0.0026456886 0.25795575 0.0026060873 62.971394 0 0 0
 6 2 0 4 0.78672746 12.148605 0.0029428579 0.26306358 0.0028487487 66.41384 0 0 0
 6 2 1 4 0.73602331 12.988999 0.0035270494 0.27725481 0.0036873083 72.707584 0 0 0
 6 2 2 4 0.67977308 14.069043 0.0027376618 0.18426923 0.002826427 64.056594 0 0 0
 6 2 3 4 0.62377365 15.339374 0.0019025931 0.10816685 0.0018402569 53.400694 0 0 0
 6 4 -6 4 0.66896317 14.297565 0.0020256624 0.12866825 0.0020329196 55.100745 0 0 0
 6 4 -5 4 0.71839172 13.309214 0.0021393044 0.15669245 0.0021134976 56.625263 0 0 0
 6 4 -4 4 0.76059265 12.567698 0.0048294 0.39705255 0.0048316976 85.078639 0 0 0
 6 4 -3 4 0.78874362 12.117435 0.0049302467 0.43720203 0.0046881053 85.962347 0 0 0
 6 4 -2 4 0.79704881 11.990707 0.0029243813 0.26595872 0.0026805571 66.205024 0 0 0
 6 4 -1 4 0.78358896 12.197448 0.0024859231 0.21960316 0.0024798269 61.040458 0 0 0
 6 4 0 4 0.75142528 12.721653 0.0045099618 0.36817359 0.0045866766 82.216763 0 0 0
 6 4 1 4 0.70687499 13.527058 0.0041544543 0.30143349 0.004142735 78.909798 0 0 0
 6 4 2 4 0.65661018 14.567993 0.0023657972 0.14864737 0.0024058154 59.547386 0 0 0
 6 6 -6 4 0.6332747 15.107883 0.0038028646 0.21723932 0.0036555502 75.496944 0 0 0
 6 6 -5 4 0.6747188 14.174972 0.0027600532 0.17900506 0.0027507401 64.31802 0 0 0
 6 6 -4 4 0.70931565 13.480297 0.0033270335 0.23880811 0.0032460945 70.615904 0 0 0
 6 6 -3 4 0.73198242 13.061016 0.0039670727 0.30405686 0.0041928839 77.109702 0 0 0
 6 6 -2 4 0.73860596 12.943387 0.0053179406 0.41655557 0.0056470199 89.278253 0 0 0
 6 6 -1 4 0.72785685 13.135372 0.0032135271 0.24548888 0.0032135785 69.400872 0 0 0
 6 6 0 4 0.70186271 13.624117 0.0030874484 0.22024733 0.0030248047 68.025821 0 0 0
 6 6 1 4 0.66515038 14.379953 0.0033446568 0.21511737 0.0032961925 70.802684 0 0 0
 6 6 2 4 0.62276512 15.364365 0.0042185146 0.23864018 0.004077183 79.515852 0 0 0
 6 8 -5 4 0.62510275 15.306564 0.0019751509 0.11043154 0.0019115237 54.409418 0 0 0
 6 8 -4 4 0.65231359 14.664474 0.0014453921 0.088119927 0.0014464957 46.544329 0 0 0
 6 8 -3 4 0.66981243 14.279342 0.0025987008 0.16744049 0.002627533 62.409698 0 0 0
 6 8 -2 4 0.67487636 14.171645 0.0032569072 0.2137052 0.0032453871 69.86773 0 0 0
 6 8 -1 4 0.66664696 14.347501 0.0022628007 0.14539422 0.0022246143 58.236745 0 0 0
 6 8 0 4 0.64650284 14.797012 0.0013036219 0.079062 0.0012964221 44.202799 0 0 0
 6 8 1 4 0.61747088 15.496906 0.0022242206 0.12346756 0.0021253586 57.738151 0 0 0
 7 1 -6 4 0.64299006 14.878307 0.003330007 0.1951606 0.0031556159 -70.647454 0 0 0
 7 1 -5 4 0.68153644 14.032458 0.0020809919 0.13708748 0.0021325862 -55.848194 0 0 0
 7 1 -4 4 0.71158745 13.437062 0.0020257494 0.14576301 0.0020369911 -55.101929 0 0 0
 7 1 -3 4 0.72840342 13.125473 0.0037511047 0.28378967 0.0037719685 -74.981398 0 0 0
 7 1 -2 4 0.72884193 13.117541 0.0040753411 0.31009206 0.0041257166 -78.154848 0 0 0
 7 1 -1 4 0.71281603 13.413796 0.0024667631 0.18043687 0.002503311 -60.804772 0 0 0
 7 1 0 4 0.68333791 13.995279 0.0019550797 0.13207311 0.0020009591 -54.132262 0 0 0
 7 1 1 4 0.64511002 14.829139 0.0029434445 0.17800138 0.0028585805 -66.420458 0 0 0
 7 3 -6 4 0.62964902 15.195391 0.0029723682 0.16729553 0.0028758538 -66.746 0 0 0
 7 3 -5 4 0.66570973 14.367807 0.0047538674 0.29925485 0.0046692032 -84.410695 0 0 0
 7 3 -4 4 0.69362946 13.786612 0.0032390141 0.22178721 0.0032805665 -69.675543 0 0 0
 7 3 -3 4 0.70917648 13.482955 0.0031647543 0.22727139 0.003085591 -68.872198 0 0 0
 7 3 -2 4 0.70958116 13.47523 0.0036470053 0.26333099 0.0035658327 -73.933648 0 0 0
 7 3 -1 4 0.6947672 13.763926 0.0054883959 0.3817265 0.0055217378 -90.69778 0 0 0
 7 3 0 4 0.66738829 14.33148 0.0031345729 0.20211391 0.0030975225 -68.543003 0 0 0
 7 3 1 4 0.63163933 15.147228 0.0023966578 0.13901139 0.0023129132 -59.93451 0 0 0
 7 5 -5 4 0.63710557 15.016516 0.002370113 0.13703696 0.0022263895 -59.601675 0 0 0
 7 5 -4 4 0.66144827 14.460866 0.0020416827 0.12747939 0.0020876256 -55.318204 0 0 0
 7 5 -3 4 0.67488895 14.17138 0.001964947 0.12811277 0.0019579973 -54.268693 0 0 0
 7 5 -2 4 0.6752377 14.164023 0.0028287162 0.18534063 0.0028211246 -65.113139 0 0 0
 7 5 -1 4 0.66243466 14.439218 0.0027422109 0.17366987 0.0027854009 -64.109792 0 0 0
 7 5 0 4 0.63857645 14.981728 0.0019894713 0.1175863 0.001876548 -54.606304 0 0 0
 7 7 -3 4 0.63166525 15.146603 0.0039989625 0.22913163 0.0038590002 -77.419009 0 0 0
 7 7 -2 4 0.63195116 15.13971 0.0038402433 0.22098974 0.0037038437 -75.86707 0 0 0
 7 7 -1 4 0.62141895 15.39785 0.0021683607 0.12111148 0.0020935514 -57.008512 0 0 0
 8 0 -4 2 0.63380922 15.095068 0.0022493445 0.12884767 0.0021584248 82.113947 0 0 0
 8 0 -3 2 0.64146644 14.913847 0.0015158999 0.0892518 0.0014507832 67.40998 0 0 0
 8 0 -2 2 0.63770041 15.002428 0.0012995742 0.075938463 0.0012194035 62.415073 0 0 0
 8 0 -1 2 0.62309224 15.35625 0.0014261652 0.079923578 0.0013790055 65.384356 0 0 0
 8 2 -4 4 0.62731701 15.252214 0.0019828796 0.11133865 0.0019198941 54.515766 0 0 0
 8 2 -3 4 0.63473859 15.072838 0.0017688087 0.10202651 0.0016908859 51.48899 0 0 0
 8 2 -2 4 0.63108914 15.160511 0.0023804687 0.13629395 0.0022992931 59.731742 0 0 0
