# 36 of 36 peaks converged; 0 peaks have aphysical values (warnings)
position_2theta	intensity	sigma	sigma_squared	gamma	fwhm_gaussian	fwhm_lorentzian	fwhm_pseudovoigt	integral_breadth_gaussian	integral_breadth_lorentzian	integral_breadth_pseudovoigt	fwhm_gsas_verification	converged	convergence_detail
2.29520676	5044.25434271	1.05091459	1.10442148	0.57374211	0.02474715	0.00573742	0.02786951	0.02634252	0.00901232	0.02180258	0.02786951	true	converged
3.24544215	9053.13369851	1.06122484	1.12619816	0.58508595	0.02498994	0.00585086	0.02817534	0.02660096	0.00919051	0.02200310	0.02817534	true	converged
3.97488495	4031.48798713	1.07517055	1.15599171	0.60191872	0.02531833	0.00601919	0.02859752	0.02695053	0.00945492	0.02227190	0.02859752	true	converged
4.58990827	2127.63965418	1.07088605	1.14679694	0.66060686	0.02521744	0.00660607	0.02883283	0.02684313	0.01037679	0.02207997	0.02883283	true	converged
5.13207849	4942.83512087	1.09901432	1.20783247	0.62413363	0.02587981	0.00624134	0.02928216	0.02754820	0.00980387	0.02274731	0.02928216	true	converged
5.62236901	2645.10887662	1.11508674	1.24341844	0.62551714	0.02625829	0.00625517	0.02966634	0.02795108	0.00982560	0.02309607	0.02966634	true	converged
6.49319457	1083.68956188	1.12623886	1.26841397	0.68312369	0.02652090	0.00683124	0.03025635	0.02823062	0.01073048	0.02323653	0.03025635	true	converged
6.88764691	3104.49789294	1.14665029	1.31480689	0.66217619	0.02700155	0.00662176	0.03061400	0.02874226	0.01040144	0.02371193	0.03061400	true	converged
7.26083891	2223.26373890	1.15250196	1.32826076	0.69013974	0.02713935	0.00690140	0.03091079	0.02888894	0.01084069	0.02379137	0.03091079	true	converged
7.61587758	1434.49966845	1.16666307	1.36110272	0.69809822	0.02747282	0.00698098	0.03128761	0.02924391	0.01096570	0.02408450	0.03128761	true	converged
7.95515885	249.32222817	1.15424281	1.33227646	0.76604862	0.02718034	0.00766049	0.03138939	0.02893258	0.01203306	0.02375169	0.03138939	true	converged
8.28077810	894.15184421	1.19861780	1.43668463	0.69245253	0.02822529	0.00692453	0.03200298	0.03004489	0.01087702	0.02478609	0.03200298	true	converged
8.59410379	1827.70228957	1.21840503	1.48451081	0.66955786	0.02869125	0.00669558	0.03233604	0.03054088	0.01051739	0.02526708	0.03233604	true	converged
9.18900721	302.60322316	1.20152494	1.44366219	0.81459770	0.02829375	0.00814598	0.03277509	0.03011776	0.01279567	0.02471769	0.03277508	true	converged
9.47266958	1395.10551095	1.25163139	1.56658113	0.70560415	0.02947367	0.00705604	0.03331889	0.03137375	0.01108360	0.02591685	0.03331889	true	converged
9.74809995	1100.90680065	1.26740049	1.60630399	0.71075942	0.02984500	0.00710759	0.03371743	0.03176902	0.01116458	0.02625127	0.03371743	true	converged
10.01598523	426.10680846	1.27496607	1.62553849	0.71533232	0.03002316	0.00715332	0.03392058	0.03195866	0.01123641	0.02640727	0.03392058	true	converged
10.27717565	580.40534658	1.29684923	1.68181793	0.70405418	0.03053847	0.00704054	0.03436912	0.03250719	0.01105926	0.02691436	0.03436911	true	converged
10.53180240	1124.90331874	1.31281846	1.72349230	0.69752219	0.03091451	0.00697522	0.03470633	0.03290748	0.01095665	0.02728433	0.03470633	true	converged
10.78044608	518.94956457	1.32108304	1.74526041	0.71180787	0.03110913	0.00711808	0.03498077	0.03311464	0.01118105	0.02743066	0.03498077	true	converged
11.26173767	268.72724002	1.36211166	1.85534817	0.58964060	0.03207528	0.00589641	0.03525925	0.03414308	0.00926205	0.02877833	0.03525925	true	converged
11.49494681	271.43106606	1.35299780	1.83060304	0.69823513	0.03186066	0.00698235	0.03565211	0.03391463	0.01096785	0.02817645	0.03565211	true	converged
11.72358654	1033.47963025	1.36780385	1.87088738	0.70855592	0.03220932	0.00708556	0.03605736	0.03428576	0.01112997	0.02847707	0.03605736	true	converged
11.94772495	463.74591105	1.34911901	1.82012209	0.80751323	0.03176932	0.00807513	0.03618209	0.03381740	0.01268439	0.02785074	0.03618209	true	converged
12.38445405	773.88142690	1.40673531	1.97890424	0.72864275	0.03312609	0.00728643	0.03708319	0.03526163	0.01144549	0.02928784	0.03708319	true	converged
12.59702955	282.27776744	1.38047365	1.90570749	0.86827174	0.03250767	0.00868272	0.03726435	0.03460334	0.01363878	0.02844419	0.03726435	true	converged
13.01207250	145.95671782	1.41113989	1.99131579	0.88285381	0.03322980	0.00882854	0.03806503	0.03537203	0.01386784	0.02908109	0.03806503	true	converged
13.21508452	502.14593298	1.43514408	2.05963852	0.81090880	0.03379506	0.00810909	0.03821459	0.03597373	0.01273773	0.02971290	0.03821459	true	converged
13.41482785	486.43434865	1.43979078	2.07299750	0.85575405	0.03390448	0.00855754	0.03857928	0.03609020	0.01344215	0.02973193	0.03857928	true	converged
13.61164591	383.94090160	1.44199362	2.07934559	0.88973979	0.03395635	0.00889740	0.03882581	0.03614542	0.01397600	0.02973136	0.03882581	true	converged
13.80578927	221.76005767	1.42004187	2.01651892	0.98718355	0.03343943	0.00987184	0.03887839	0.03559517	0.01550664	0.02920882	0.03887839	true	converged
13.99731315	123.53414846	1.45178246	2.10767230	0.95375967	0.03418686	0.00953760	0.03942426	0.03639079	0.01498162	0.02987987	0.03942426	true	converged
14.18613993	358.69879158	1.50259310	2.25778602	0.78313362	0.03538336	0.00783134	0.03963740	0.03766442	0.01230143	0.03126984	0.03963740	true	converged
14.55692350	139.42423784	1.56935932	2.46288868	0.63180731	0.03695559	0.00631807	0.04036121	0.03933800	0.00992441	0.03337972	0.04036121	true	converged
14.73884128	473.52164135	1.55683819	2.42374515	0.72898933	0.03666074	0.00728989	0.04060605	0.03902415	0.01145094	0.03266844	0.04060605	true	converged
14.91847902	176.58240892	1.55716386	2.42475929	0.75899837	0.03666841	0.00758998	0.04078146	0.03903231	0.01192232	0.03256863	0.04078146	true	converged
