 1 0 0 6 4.15682 2.2951163 0.0083948839 20.93417 0.020601569 37.405178 0 0 0
 1 1 0 12 2.9393156 3.2460016 0.028457808 35.489482 0.072515464 48.697885 0 0 0
 1 1 1 8 2.3999411 3.9757898 0.018350325 15.259416 0.04839296 47.893535 0 0 0
 2 0 0 6 2.07841 4.5911539 0.012843694 8.0118453 0.033991541 46.266787 0 0 0
 2 1 0 24 1.8589864 5.1334097 0.037383109 18.659297 0.097933758 39.466816 0 0 0
 2 1 1 24 1.6970147 5.6237451 0.024400944 10.151554 0.06303792 31.885828 0 0 0
 2 2 0 12 1.4696578 6.4946115 0.012394529 3.8689389 0.034086309 32.13841 0 0 0
 2 2 1 24 1.3856067 6.8890374 0.037173385 10.316416 0.09985058 39.355953 0 0 0
 2 2 2 8 1.1999706 7.9563757 0.0041436002 0.86297503 0.011685125 22.758515 0 0 0
 3 0 0 6 1.3856067 6.8890374 0.0034880776 0.96801672 0.0093692455 24.111123 0 0 0
 3 1 0 24 1.3145019 7.2621698 0.032124216 8.0252616 0.086492864 36.585639 0 0 0
 3 1 1 24 1.2533284 7.6171388 0.022108834 5.0221223 0.060941832 30.3513 0 0 0
 3 2 0 24 1.1528944 8.281814 0.016659106 3.2032993 0.044803572 26.346336 0 0 0
 3 2 1 48 1.1109569 8.5950214 0.035779615 6.3897573 0.098027777 27.302173 0 0 0
 3 2 2 24 1.0081769 9.4731607 0.019070801 2.8064653 0.053008934 28.188947 0 0 0
 3 3 0 12 0.97977187 9.7484569 0.01210052 1.6821275 0.033400852 31.754947 0 0 0
 3 3 1 24 0.95363991 10.016261 0.011089515 1.4607439 0.029813665 21.495654 0 0 0
 3 3 2 24 0.886237 10.780224 0.014479782 1.6482303 0.04023685 24.562659 0 0 0
 3 3 3 8 0.79998038 11.946606 0.001899106 0.17632091 0.0051651131 15.407409 0 0 0
 4 0 0 6 1.039205 9.1896984 0.0064930207 1.0150298 0.017955345 32.896354 0 0 0
 4 1 0 24 1.0081769 9.4731607 0.012951698 1.9059761 0.036000361 23.230456 0 0 0
 4 1 1 24 0.97977187 9.7484569 0.014635466 2.0345174 0.040398018 24.694353 0 0 0
 4 2 0 24 0.92949321 10.277157 0.015359327 1.9224059 0.042173677 25.297667 0 0 0
 4 2 1 48 0.90709249 10.531661 0.030505487 3.6370509 0.086099609 25.20974 0 0 0
 4 2 2 24 0.84850733 11.261092 0.0085834228 0.895991 0.022526032 18.911441 0 0 0
 4 3 0 24 0.831364 11.494078 0.0066246262 0.66399333 0.017374126 16.614033 0 0 0
 4 3 1 48 0.81521947 11.722495 0.024438946 2.3558056 0.067831419 22.564235 0 0 0
 4 3 2 48 0.7719021 12.382838 0.01691105 1.4624032 0.04655765 18.770017 0 0 0
 4 3 3 24 0.71288875 13.412421 0.010480512 0.77381862 0.027886501 20.897081 0 0 0
 4 4 0 12 0.7348289 13.010203 0.005493302 0.43076714 0.013325877 21.395681 0 0 0
 4 4 1 24 0.72360948 13.212816 0.0069627828 0.52956128 0.018639056 17.03279 0 0 0
 4 4 2 24 0.69280333 13.803132 0.0065766977 0.45879391 0.015916181 16.553823 0 0 0
 4 4 3 24 0.64918622 14.735509 0.0039567117 0.24260801 0.010025871 12.839898 0 0 0
 5 0 0 6 0.831364 11.494078 0.0021856903 0.21907406 0.005732317 19.086165 0 0 0
 5 1 0 24 0.81521947 11.722495 0.0097384607 0.93874429 0.027029546 20.143714 0 0 0
 5 1 1 24 0.79998038 11.946606 0.013366202 1.2409739 0.036352868 23.599261 0 0 0
 5 2 0 24 0.7719021 12.382838 0.010627202 0.91899994 0.029257647 21.042815 0 0 0
 5 2 1 48 0.75892803 12.595375 0.010591297 0.88554492 0.026703273 14.854361 0 0 0
 5 2 2 24 0.72360948 13.212816 0.012313326 0.93650208 0.032962218 22.650723 0 0 0
 5 3 0 24 0.71288875 13.412421 0.0085268078 0.62956875 0.022688094 18.84897 0 0 0
 5 3 1 48 0.70263082 13.609152 0.015510496 1.1127089 0.039881199 17.975966 0 0 0
 5 3 2 48 0.67432525 14.183287 0.0099113473 0.65529703 0.024832435 14.369635 0 0 0
 5 3 3 24 0.63390911 15.092676 0.0045432353 0.26572263 0.0089438111 13.758687 0 0 0
 5 4 0 24 0.64918622 14.735509 0.005124944 0.31423883 0.012986043 14.612985 0 0 0
 5 4 1 48 0.64141125 14.915137 0.0087029208 0.52102541 0.019381357 13.465172 0 0 0
 6 0 0 6 0.69280333 13.803132 0.0025413814 0.17728811 0.006150364 20.58066 0 0 0
 6 1 0 24 0.683377 13.994475 0.0052753663 0.35813895 0.011950142 14.825887 0 0 0
 6 1 1 24 0.67432525 14.183287 0.005756811 0.38061638 0.014423431 15.487644 0 0 0
 6 2 0 24 0.65725095 14.553714 0.0062325298 0.39162502 0.014114304 16.114861 0 0 0
 6 2 1 48 0.64918622 14.735509 0.013151087 0.80636628 0.033323403 16.552371 0 0 0
