 1 1 1 8 2.4147762 3.951355 0.0038558791 3.2442529 0.0036262046 25.303922 0 0 0
 2 0 0 6 2.0912575 4.5629334 0.018116125 11.434155 0.019045048 63.332724 0 0 0
 2 2 0 12 1.4787424 6.4546698 0.023173292 7.3188296 0.023604666 50.649408 0 0 0
 2 2 2 8 1.2073881 7.907418 0.010955022 2.308456 0.010823576 42.651348 0 0 0
 3 1 1 24 1.2610757 7.5702749 0.0094467885 2.1711739 0.0092673282 22.866917 0 0 0
 3 3 1 24 0.95953477 9.9545704 0.006777346 0.90323742 0.0064269427 19.368471 0 0 0
 3 3 3 8 0.80492541 11.872948 0.0016417463 0.1542173 0.0016330482 16.51122 0 0 0
 4 0 0 6 1.0456288 9.1331216 0.0062083251 0.98195208 0.0061489519 37.075134 0 0 0
 4 2 0 24 0.93523881 10.213852 0.019593328 2.4811945 0.018510485 32.932114 0 0 0
 4 2 2 24 0.85375232 11.191689 0.015942732 1.6837649 0.015168639 29.706185 0 0 0
 4 4 0 12 0.7393712 12.929934 0.0056182078 0.44573234 0.0058262507 24.939022 0 0 0
 4 4 2 24 0.69708585 13.717924 0.009641257 0.68046613 0.0092068898 23.101083 0 0 0
 5 1 1 24 0.80492541 11.872948 0.00492524 0.46265202 0.0048991458 16.511222 0 0 0
 5 3 1 48 0.70697409 13.525153 0.0073854437 0.53603926 0.0073565828 14.296799 0 0 0
 5 3 3 24 0.63782757 14.999419 0.0028490423 0.16858461 0.0027702276 12.55784 0 0 0
 6 0 0 6 0.69708585 13.717924 0.0024103139 0.17011651 0.0023017221 23.101081 0 0 0
 6 2 0 24 0.6613137 14.463824 0.0083591034 0.53140379 0.0083633256 21.510245 0 0 0
 6 2 2 24 0.63053787 15.173844 0.0073080042 0.42268924 0.0072031143 20.112447 0 0 0
