 0 0 1 2 4.7711553 1.9995643 0.0087318213 28.514623 0.0073497703 161.00235 0 0 0
 0 0 2 2 2.3855776 3.9997377 0.002784556 2.274356 0.0026089075 90.919657 0 0 0
 0 0 3 2 1.5903851 6.001131 0.0034816039 1.264831 0.0033011983 101.66454 0 0 0
 0 0 4 2 1.1927888 8.0043587 0.0073651851 1.5066996 0.0074427427 147.86713 0 0 0
 0 0 5 2 0.95423105 10.01004 0.0037140996 0.48694382 0.0035471178 105.00418 0 0 0
 0 0 6 2 0.79519255 12.0188 0.0017584757 0.16037536 0.0016158668 72.251687 0 0 0
 0 0 7 2 0.68159361 14.031275 0.0010822863 0.072665096 0.0011212643 56.682748 0 0 0
 0 2 0 2 4.3939413 2.1712439 0.0057900552 16.154927 0.0068503601 131.10558 0 0 0
 0 2 1 4 3.2321256 2.9518663 0.010161636 15.291675 0.01063345 122.81364 0 0 0
 0 2 2 4 2.096514 4.5514869 0.0075304858 4.7592147 0.0080521152 105.72466 0 0 0
 0 2 3 4 1.4954419 6.3825157 0.0059987544 1.9288336 0.0063333708 94.361612 0 0 0
 0 2 4 4 1.1511284 8.2945422 0.0051990635 0.99125354 0.0051183579 87.847089 0 0 0
 0 2 5 4 0.9324949 10.243987 0.0044819869 0.56143983 0.0042947971 81.564298 0 0 0
 0 2 6 4 0.78248191 12.21477 0.003360186 0.2968575 0.0033874342 70.62305 0 0 0
 0 2 7 4 0.67353824 14.199945 0.0024190283 0.15865427 0.0024543155 59.921861 0 0 0
 0 4 0 2 2.1969706 4.3432678 0.0036218373 2.5276968 0.0035882061 103.69177 0 0 0
 0 4 1 4 1.9955711 4.7818474 0.007777151 4.4731135 0.0076529788 107.44225 0 0 0
 0 4 2 4 1.6160628 5.9056936 0.0078347569 2.9504668 0.0082731148 107.83943 0 0 0
 0 4 3 4 1.288266 7.4102704 0.0057866869 1.3838698 0.0057379217 92.678673 0 0 0
 0 4 4 4 1.048257 9.1101743 0.0042755586 0.67714376 0.0042319963 79.663841 0 0 0
 0 4 5 4 0.87523849 10.9161 0.003686327 0.40736442 0.0036966636 73.971043 0 0 0
 0 4 6 4 0.74772097 12.78494 0.0034161622 0.27590354 0.0034858968 71.208863 0 0 0
 0 4 7 4 0.65098447 14.694579 0.0026363854 0.16168808 0.002605925 62.556042 0 0 0
 0 6 0 2 1.4646471 6.5168542 0.009965976 3.0940225 0.010255755 172.00447 0 0 0
 0 6 1 4 1.4001592 6.8173514 0.0090639223 2.5703958 0.0084372364 115.99063 0 0 0
 0 6 2 4 1.2481724 7.6486506 0.0051219161 1.1532185 0.0051679853 87.192884 0 0 0
 0 6 3 4 1.0773752 8.8634548 0.0052258149 0.87611594 0.0049649885 88.072804 0 0 0
 0 6 4 4 0.92488558 10.328495 0.01007322 1.2446102 0.009442778 122.27818 0 0 0
 0 6 5 4 0.79951713 11.953553 0.0056356959 0.52068563 0.0054137522 91.461556 0 0 0
 0 6 6 4 0.69883801 13.683366 0.0028167493 0.19906316 0.0027196103 64.660478 0 0 0
 0 8 0 2 1.0984853 8.6927908 0.0029887258 0.52258817 0.0030080701 94.193915 0 0 0
 0 8 1 4 1.0704797 8.9206642 0.0051030919 0.84719061 0.0050248494 87.032509 0 0 0
 0 8 2 4 0.99778556 9.5720471 0.0035445107 0.51100394 0.0035915426 72.534222 0 0 0
 0 8 3 4 0.90384389 10.569621 0.0034372983 0.40649954 0.0034785922 71.428811 0 0 0
 0 8 4 4 0.8080314 11.827146 0.0038597001 0.36484007 0.0038317512 75.690538 0 0 0
 0 8 5 4 0.72038407 13.272239 0.0036578025 0.2749749 0.0035643334 73.684296 0 0 0
 0 8 6 4 0.64413301 14.851758 0.0023379031 0.14066642 0.0022855025 58.908514 0 0 0
 0 10 0 2 0.87878826 10.871873 0.0016389828 0.18371035 0.0016397167 69.753661 0 0 0
 0 10 1 4 0.86425063 11.055314 0.0036540437 0.39610112 0.0036092504 73.646427 0 0 0
 0 10 2 4 0.82461711 11.588442 0.0042742352 0.42173576 0.0042987255 79.651511 0 0 0
 0 10 3 4 0.76917425 12.426926 0.0033735974 0.28959481 0.0034281504 70.763848 0 0 0
 0 10 4 4 0.70750443 13.514968 0.0024726757 0.17962581 0.0024448338 60.582668 0 0 0
 0 10 5 4 0.64642512 14.798801 0.0022691038 0.13768937 0.0022948347 58.035268 0 0 0
 0 12 0 2 0.73232355 13.054906 0.0034222404 0.266915 0.0035723215 100.79409 0 0 0
 0 12 1 4 0.7238466 13.208468 0.0039121092 0.29809472 0.0038202567 76.202689 0 0 0
 0 12 2 4 0.70007958 13.658983 0.0027167432 0.1936396 0.0026424689 63.502249 0 0 0
 0 12 3 4 0.66519038 14.379084 0.0029069725 0.1870843 0.0028046108 65.687884 0 0 0
 0 12 4 4 0.6240862 15.331645 0.0051026599 0.28916666 0.0050215849 87.028826 0 0 0
 0 14 0 2 0.6277059 15.242708 0.0016234573 0.093247529 0.0016004212 69.422498 0 0 0
 0 14 1 4 0.62234302 15.374849 0.0025801804 0.1456824 0.0025421565 61.885635 0 0 0
 1 1 -7 4 0.70860873 13.493808 0.0025848194 0.18666964 0.002545749 -61.941243 0 0 0
 1 1 -6 4 0.83002357 11.512703 0.0034161856 0.3375991 0.0033251462 -71.209107 0 0 0
 1 1 -5 4 1.0003293 9.5476499 0.0048146151 0.68926278 0.0048558736 -84.53676 0 0 0
 1 1 -4 4 1.2548773 7.6077231 0.005869535 1.3186363 0.0058221914 -93.339755 0 0 0
 1 1 -3 4 1.6699493 5.7149657 0.0064932385 2.5747125 0.0067868184 -98.173774 0 0 0
 1 1 -2 4 2.4253868 3.9340617 0.0079858392 6.6500227 0.007417 -108.87423 0 0 0
 1 1 -1 4 3.7996818 2.510871 0.010863389 22.147894 0.013014872 -126.98356 0 0 0
 1 1 0 4 4.2111343 2.2655105 0.011205416 28.578476 0.012254643 -128.96706 0 0 0
 1 1 1 4 2.7589533 3.4582665 0.0089731725 9.9057573 0.0096821239 -115.40851 0 0 0
 1 1 2 4 1.843596 5.1762927 0.0073079063 3.5984792 0.0072927331 -104.15048 0 0 0
 1 1 3 4 1.3546719 7.0465492 0.0060813625 1.6152566 0.0065696044 -95.009112 0 0 0
 1 1 4 4 1.0639031 8.9759209 0.0047495263 0.7779725 0.0048560769 -83.963389 0 0 0
 1 1 5 4 0.87373868 10.934895 0.0037661232 0.41630053 0.0038042827 -74.767365 0 0 0
 1 1 6 4 0.74040111 12.911871 0.0031130098 0.24737111 0.0032495467 -67.975914 0 0 0
 1 1 7 4 0.64198833 14.901654 0.0025520977 0.15271488 0.0025073357 -61.547931 0 0 0
 1 3 -7 4 0.69086849 13.841978 0.0059153184 0.40644882 0.0058206848 -93.703082 0 0 0
 1 3 -6 4 0.80190169 11.917879 0.0029580446 0.27317402 0.0029145049 -66.262401 0 0 0
 1 3 -5 4 0.95219416 10.031508 0.0041758379 0.54254114 0.0040507255 -78.729343 0 0 0
 1 3 -4 4 1.1635574 8.2057879 0.0089717994 1.7371389 0.0084140056 -115.39968 0 0 0
 1 3 -3 4 1.4709431 6.4889306 0.01988884 6.1445949 0.020854941 -171.81835 0 0 0
 1 3 -2 4 1.9118447 4.9913912 0.0088344269 4.6091876 0.00801009 -114.51279 0 0 0
 1 3 -1 4 2.4052465 3.9670167 0.0054121409 4.4845974 0.0051691666 -89.629166 0 0 0
 1 3 0 4 2.5001497 3.8163759 0.012035587 10.857553 0.0098900047 -133.65907 0 0 0
 1 3 1 4 2.0629942 4.62548 0.028589864 17.627482 0.031102458 -206.00173 0 0 0
 1 3 2 4 1.5854883 6.0196827 0.011279367 4.1074722 0.010634205 -129.39192 0 0 0
 1 3 3 4 1.2417718 7.6881341 0.0052627474 1.175001 0.005328972 -88.383476 0 0 0
 1 3 4 4 1.0065288 9.488708 0.0044124445 0.64724307 0.0043649473 -80.929049 0 0 0
 1 3 5 4 0.84111249 11.360421 0.0083885213 0.85976217 0.008052542 -111.58544 0 0 0
 1 3 6 4 0.72023322 13.275032 0.0051128843 0.38466072 0.0049865993 -87.115974 0 0 0
 1 3 7 4 0.62870731 15.218286 0.0025026047 0.14369537 0.002466933 -60.948208 0 0 0
 1 5 -7 4 0.65905056 14.513759 0.002483298 0.15554277 0.0025456058 -60.712656 0 0 0
 1 5 -6 4 0.75329066 12.690021 0.0026461705 0.2160915 0.0027912003 -62.672024 0 0 0
 1 5 -5 4 0.87366593 10.935809 0.003604612 0.39530511 0.0036420468 -73.146588 0 0 0
 1 5 -4 4 1.0282499 9.2878208 0.0052458983 0.79602515 0.0053530064 -88.241878 0 0 0
 1 5 -3 4 1.2222796 7.8109289 0.0059599418 1.2775849 0.0061036895 -94.055852 0 0 0
 1 5 -2 4 1.4422219 6.6182973 0.0057735328 1.7250876 0.0058825239 -92.573275 0 0 0
 1 5 -1 4 1.6221367 5.8835607 0.0056945829 2.1587102 0.00602063 -91.938152 0 0 0
 1 5 0 4 1.65033 5.7829634 0.0070381494 2.7711782 0.0072772596 -102.21016 0 0 0
 1 5 1 4 1.5038917 6.3466181 0.0075452622 2.4718934 0.0082701563 -105.82834 0 0 0
 1 5 2 4 1.2856592 7.4253166 0.0062548717 1.498183 0.0062426035 -96.354947 0 0 0
 1 5 3 4 1.0810392 8.8333542 0.0042799203 0.72475431 0.0041317815 -79.704465 0 0 0
 1 5 4 4 0.91506555 10.439642 0.0035435254 0.43002319 0.0035235854 -72.524139 0 0 0
 1 5 5 4 0.78551207 12.167473 0.0034667685 0.31021052 0.0034699086 -71.734361 0 0 0
 1 5 6 4 0.68439472 13.97356 0.0032331542 0.21986024 0.0033208317 -69.275237 0 0 0
 1 7 -6 4 0.69453618 13.768527 0.0029308872 0.20399461 0.0027748302 -65.957527 0 0 0
 1 7 -5 4 0.78545921 12.168295 0.0039821093 0.3540506 0.0039869062 -76.881421 0 0 0
 1 7 -4 4 0.89208232 10.70938 0.0038198515 0.43783708 0.0040824093 -75.2988 0 0 0
 1 7 -3 4 1.0100849 9.455226 0.0037992459 0.55842992 0.003816797 -75.095431 0 0 0
 1 7 -2 4 1.1239922 8.4951578 0.0048145785 0.8772761 0.0049634137 -84.536439 0 0 0
 1 7 -1 4 1.2031535 7.9352936 0.0064466046 1.3484409 0.006492505 -97.820601 0 0 0
 1 7 0 4 1.2145235 7.8608886 0.0057292875 1.2234726 0.0056274673 -92.217877 0 0 0
 1 7 1 4 1.1524594 8.2849457 0.0045348991 0.87304404 0.0044285761 -82.04434 0 0 0
 1 7 2 4 1.0449813 9.1387927 0.004245818 0.67239487 0.0041902741 -79.386288 0 0 0
 1 7 3 4 0.92590053 10.317143 0.0045969613 0.57168451 0.0042848379 -82.60384 0 0 0
 1 7 4 4 0.81513277 11.723747 0.0037903554 0.36547762 0.0038838897 -75.007515 0 0 0
 1 7 5 4 0.7195471 13.287747 0.0027618571 0.2076622 0.0027063556 -64.027333 0 0 0
 1 7 6 4 0.63943564 14.961482 0.0022129196 0.13154956 0.0021640155 -57.312273 0 0 0
 1 9 -6 4 0.63405336 15.089222 0.0021885594 0.12732058 0.0021408773 -56.995948 0 0 0
 1 9 -5 4 0.7009565 13.641814 0.0027189142 0.19312748 0.0026582718 -63.527616 0 0 0
 1 9 -4 4 0.77360474 12.355478 0.0050072756 0.43305081 0.0051213017 -86.211571 0 0 0
 1 9 -3 4 0.84682087 11.283592 0.0088106542 0.91326189 0.0083974959 -114.35862 0 0 0
 1 9 -2 4 0.91063335 10.490595 0.0046671877 0.55988801 0.0045974745 -83.232405 0 0 0
 1 9 -1 4 0.95122878 10.041714 0.0041001107 0.53732029 0.0040165099 -78.012214 0 0 0
 1 9 0 4 0.9568179 9.9829078 0.0055739117 0.73993529 0.0052750978 -90.958828 0 0 0
 1 9 1 4 0.92557553 10.320775 0.010258606 1.2754645 0.0095808617 -123.39825 0 0 0
 1 9 2 4 0.86706882 11.01927 0.0053862052 0.58801976 0.0052251059 -89.414151 0 0 0
 1 9 3 4 0.79534904 12.016427 0.0033062964 0.30384579 0.0030338297 -70.054446 0 0 0
 1 9 4 4 0.72180306 13.24603 0.003054492 0.23132067 0.0029670832 -67.333984 0 0 0
 1 9 5 4 0.6529111 14.65098 0.005512623 0.34187261 0.0053897681 -90.45737 0 0 0
 1 11 -5 4 0.62583114 15.288642 0.0019634162 0.11152314 0.0019337792 -53.984738 0 0 0
 1 11 -4 4 0.67590748 14.149915 0.0033082845 0.21910403 0.0033501145 -70.075505 0 0 0
 1 11 -3 4 0.72311114 13.221962 0.0036503936 0.2767374 0.0035548071 -73.609634 0 0 0
 1 11 -2 4 0.76163896 12.550364 0.0029506278 0.2482841 0.0030187239 -66.179279 0 0 0
 1 11 -1 4 0.78491708 12.176731 0.0024418033 0.2183812 0.0024504434 -60.203279 0 0 0
 1 11 0 4 0.78804847 12.128164 0.0032717978 0.29518089 0.0032076921 -69.688007 0 0 0
 1 11 1 4 0.77031689 12.40842 0.004065632 0.35071981 0.0041138885 -77.683511 0 0 0
 1 11 2 4 0.73559632 12.996572 0.0035791859 0.28171365 0.0036639063 -72.888153 0 0 0
 1 11 3 4 0.69026579 13.854123 0.0021977943 0.15240923 0.0021771236 -57.116072 0 0 0
 1 11 4 4 0.64053345 14.935694 0.0018961919 0.11330754 0.0018710668 -53.052512 0 0 0
 1 13 -3 4 0.6281989 15.230675 0.0019325785 0.11090378 0.0019052056 -53.559114 0 0 0
 1 13 -2 4 0.6529669 14.649721 0.0024782823 0.15369442 0.002423095 -60.651312 0 0 0
 1 13 -1 4 0.6674574 14.329989 0.0032897518 0.21327223 0.0032375389 -69.878951 0 0 0
 1 13 0 4 0.66937969 14.288622 0.0027740506 0.18097669 0.0028152862 -64.168516 0 0 0
 1 13 1 4 0.65841033 14.527948 0.0021852949 0.13801113 0.0022437179 -56.953424 0 0 0
 1 13 2 4 0.63633296 15.034853 0.002218359 0.13093772 0.0021452554 -57.382667 0 0 0
 2 0 -8 2 0.63393515 15.092052 0.001166609 0.067306894 0.0011415569 58.849459 0 0 0
 2 0 -7 2 0.72710122 13.149083 0.0027012549 0.20434632 0.002692932 89.549382 0 0 0
 2 0 -6 2 0.85047149 11.235001 0.0043990624 0.4537722 0.0041506128 114.27727 0 0 0
 2 0 -5 2 1.0198567 9.3644273 0.0021120488 0.31217448 0.0021076227 79.182969 0 0 0
 2 0 -4 2 1.2616979 7.5665364 0.0024851439 0.55996816 0.0024358876 85.892567 0 0 0
 2 0 -3 2 1.6162827 5.9048892 0.0058276501 2.1456923 0.0061594533 131.53052 0 0 0
 2 0 -2 2 2.1069715 4.5288849 0.014684781 9.1625565 0.015558217 208.79185 0 0 0
 2 0 -1 2 2.5352417 3.7635317 0.0058738016 5.3387583 0.0049676171 132.05032 0 0 0
 2 0 0 2 2.3989411 3.9774479 0.0027081402 2.2391052 0.0025817693 89.663436 0 0 0
 2 0 1 2 1.8904826 5.0478293 0.0045219292 2.3426524 0.004296264 115.86218 0 0 0
 2 0 2 2 1.4529377 6.5694315 0.0097180796 2.9798651 0.010061963 169.85175 0 0 0
 2 0 3 2 1.1505206 8.2989316 0.0043587943 0.83823318 0.0043015673 113.75304 0 0 0
 2 0 4 2 0.94277781 10.131962 0.0021784348 0.28134775 0.0021216978 80.417783 0 0 0
 2 0 5 2 0.79491661 12.022988 0.0015452578 0.14196033 0.00142467 67.729875 0 0 0
 2 0 6 2 0.68553003 13.950304 0.0028309614 0.19362388 0.0029160879 91.674127 0 0 0
 2 2 -8 4 0.62743864 15.249239 0.0026712963 0.15105058 0.002633121 62.968862 0 0 0
 2 2 -7 4 0.717346 13.328703 0.0032334081 0.23823026 0.0032114982 69.277957 0 0 0
 2 2 -6 4 0.83497467 11.444208 0.0033103398 0.32940895 0.0032113756 70.097269 0 0 0
 2 2 -5 4 0.99344777 9.6139407 0.0039074345 0.54867589 0.0039405018 76.157147 0 0 0
 2 2 -4 4 1.2126934 7.8727698 0.0054653687 1.1398486 0.0053857175 90.068835 0 0 0
 2 2 -3 4 1.5169118 6.2920882 0.007335708 2.3868314 0.0080425937 104.34841 0 0 0
 2 2 -2 4 1.8998409 5.0229485 0.0078086794 3.9829485 0.0074532552 107.65981 0 0 0
 2 2 -1 4 2.1959302 4.3453266 0.0075392579 5.1701368 0.0074608468 105.78622 0 0 0
 2 2 0 4 2.1055672 4.531907 0.0074652853 4.7626998 0.0079283673 105.26597 0 0 0
 2 2 1 4 1.736572 5.4955424 0.0074297767 3.2473152 0.0077988479 105.01533 0 0 0
 2 2 2 4 1.3794766 6.9196877 0.0064952435 1.7950181 0.006977539 98.18893 0 0 0
 2 2 3 4 1.1129986 8.5792245 0.005154649 0.92767689 0.0053015058 87.471054 0 0 0
 2 2 4 4 0.92179799 10.363185 0.0038601126 0.47664727 0.0036334488 75.694583 0 0 0
 2 2 5 4 0.78221899 12.218892 0.0031226491 0.2778255 0.0031534289 68.081075 0 0 0
 2 2 6 4 0.67733596 14.119922 0.0027596298 0.18429441 0.0028532903 64.00151 0 0 0
 2 4 -7 4 0.69027945 13.853847 0.0026989742 0.18444843 0.0026731403 63.294238 0 0 0
 2 4 -6 4 0.79311879 12.050342 0.002770273 0.24927632 0.0026542725 64.124811 0 0 0
 2 4 -5 4 0.92504575 10.326702 0.0038824559 0.47412359 0.0036366403 75.913336 0 0 0
 2 4 -4 4 1.0941095 8.7276244 0.0058053289 0.989914 0.0058422824 92.827836 0 0 0
 2 4 -3 4 1.3019157 7.3324722 0.0062112519 1.4985174 0.0065167601 96.018382 0 0 0
 2 4 -2 4 1.5206755 6.2764994 0.0055733473 1.837416 0.0061028075 90.954222 0 0 0
 2 4 -1 4 1.6603041 5.7481934 0.0060746273 2.3996163 0.0060947909 94.956485 0 0 0
 2 4 0 4 1.6201984 5.8906059 0.0077902969 2.9502018 0.0082880085 107.53301 0 0 0
 2 4 1 4 1.4329851 6.6610058 0.0070511566 2.0983418 0.0071718298 102.30456 0 0 0
 2 4 2 4 1.2118901 7.8779965 0.0051939483 1.1075894 0.0051196759 87.803863 0 0 0
 2 4 3 4 1.0192196 9.3702938 0.0041117405 0.62060779 0.004102724 78.122775 0 0 0
 2 4 4 4 0.8663754 11.028117 0.0038777932 0.42313055 0.0037743926 75.867737 0 0 0
 2 4 5 4 0.74749155 12.78888 0.0033335917 0.27097456 0.0034038148 70.343021 0 0 0
 2 4 6 4 0.6544114 14.617208 0.0025891272 0.161492 0.0025477315 61.992836 0 0 0
 2 6 -7 4 0.65126531 14.688208 0.0044353907 0.27050272 0.0043678438 81.139205 0 0 0
 2 6 -6 4 0.73547153 12.998786 0.006870348 0.53325119 0.0070378266 100.98437 0 0 0
 2 6 -5 4 0.83694526 11.417173 0.0034325024 0.34446757 0.0032743453 71.378964 0 0 0
 2 6 -4 4 0.95592233 9.9922843 0.0040395047 0.5284087 0.003833135 77.433496 0 0 0
 2 6 -3 4 1.0853209 8.7984369 0.0076085952 1.2834526 0.0073080888 106.27156 0 0 0
 2 6 -2 4 1.2026233 7.9387978 0.015387325 3.1933501 0.015513834 151.1285 0 0 0
 2 6 -1 4 1.2682213 7.5275602 0.0072455463 1.678102 0.0069846312 103.70516 0 0 0
 2 6 0 4 1.2500749 7.636993 0.005035181 1.1374814 0.0050649219 86.451464 0 0 0
 2 6 1 4 1.1578205 8.246517 0.0063689256 1.2378728 0.0059883311 97.229466 0 0 0
 2 6 2 4 1.0314971 9.2585181 0.012131555 1.8745472 0.0122908 134.19089 0 0 0
 2 6 3 4 0.90475753 10.558918 0.0061921973 0.73680265 0.0062034121 95.870988 0 0 0
 2 6 4 4 0.79274415 12.056058 0.0033967841 0.31052863 0.0032821199 71.00661 0 0 0
 2 6 5 4 0.69865069 13.687052 0.0026409818 0.18769398 0.002547061 62.610549 0 0 0
 2 6 6 4 0.6208859 15.41115 0.004823224 0.27105707 0.004758654 84.612305 0 0 0
 2 8 -6 4 0.67247871 14.222433 0.0028013158 0.18240927 0.0028558666 64.483091 0 0 0
 2 8 -5 4 0.74740045 12.790445 0.0025701844 0.20651405 0.0026253093 61.765641 0 0 0
 2 8 -4 4 0.82848182 11.5342 0.0030218935 0.2982676 0.0029836349 66.973715 0 0 0
 2 8 -3 4 0.90852001 10.515066 0.0044569596 0.52936707 0.0044578528 81.336253 0 0 0
 2 8 -2 4 0.97405286 9.8058333 0.005087406 0.69570852 0.0052729922 86.898646 0 0 0
 2 8 -1 4 1.0079387 9.4754048 0.0044707953 0.65621797 0.004433574 81.4624 0 0 0
 2 8 0 4 0.99875662 9.5627189 0.0035220564 0.50885008 0.0035666981 72.304106 0 0 0
 2 8 1 4 0.94978649 10.057002 0.0038882376 0.50904949 0.0038615083 75.969839 0 0 0
 2 8 2 4 0.87623951 10.903592 0.0044164882 0.4928273 0.00440753 80.966124 0 0 0
 2 8 3 4 0.79450538 12.029234 0.0039985651 0.3672102 0.0037112958 77.040111 0 0 0
 2 8 4 4 0.71541786 13.36479 0.0025968438 0.19354691 0.0026187526 62.085149 0 0 0
 2 8 5 4 0.64398632 14.85516 0.0019849737 0.12000289 0.0019377929 54.280293 0 0 0
 2 10 -5 4 0.66573162 14.367332 0.0026179079 0.1675358 0.002525561 62.336439 0 0 0
 2 10 -4 4 0.72111093 13.258801 0.003796663 0.28504535 0.0036893768 75.0699 0 0 0
 2 10 -3 4 0.77204999 12.380457 0.0033892009 0.29184404 0.0034502979 70.927307 0 0 0
 2 10 -2 4 0.81106837 11.782704 0.0028422698 0.27043938 0.0028216999 64.952738 0 0 0
 2 10 -1 4 0.83032064 11.50857 0.0031897982 0.31860147 0.0030997582 68.809185 0 0 0
 2 10 0 4 0.82516499 11.580721 0.0042722895 0.4221569 0.0042860067 79.63338 0 0 0
 2 10 1 4 0.7968974 11.992993 0.0038105933 0.35171137 0.0035061815 75.207493 0 0 0
 2 10 2 4 0.75194586 12.712809 0.0028210548 0.23212067 0.0029518835 64.709877 0 0 0
 2 10 3 4 0.69837146 13.69255 0.0024149468 0.17158235 0.0023248882 59.871288 0 0 0
 2 10 4 4 0.6428296 14.882042 0.0027845991 0.16780444 0.0027166184 64.290403 0 0 0
 2 12 -4 4 0.6333653 15.10571 0.0022617968 0.13148687 0.0022163131 57.941749 0 0 0
 2 12 -3 4 0.66704775 14.338835 0.0038050059 0.24545047 0.0037189323 75.152335 0 0 0
 2 12 -2 4 0.69173184 13.824617 0.0061945037 0.43007401 0.0060553249 95.888841 0 0 0
 2 12 -1 4 0.70355951 13.591104 0.0033350768 0.23980593 0.0033336787 70.358688 0 0 0
 2 12 0 4 0.70041474 13.652415 0.0026705044 0.19054296 0.0026028103 62.959527 0 0 0
 2 12 1 4 0.68287786 14.004755 0.0034029115 0.23107169 0.0035051115 71.070625 0 0 0
 2 12 2 4 0.65395265 14.627518 0.0056891756 0.3546802 0.0055777407 91.894492 0 0 0
 2 12 3 4 0.61779083 15.48883 0.0031848449 0.17739215 0.0031370088 68.755739 0 0 0
 3 1 -8 4 0.63627777 15.036165 0.0023584061 0.13653311 0.0022816347 -59.166259 0 0 0
 3 1 -7 4 0.72465989 13.193578 0.0035641098 0.26668256 0.0035003054 -72.734482 0 0 0
 3 1 -6 4 0.83730526 11.412248 0.0038386887 0.38209928 0.0036490599 -75.484235 0 0 0
 3 1 -5 4 0.98232201 9.7230886 0.0036626597 0.50003147 0.0037787304 -73.733203 0 0 0
 3 1 -4 4 1.1671226 8.1806793 0.004542606 0.87268039 0.0043051199 -82.114026 0 0 0
 3 1 -3 4 1.387041 6.8819051 0.0068113099 1.8450181 0.0069124716 -100.54955 0 0 0
 3 1 -2 4 1.594544 5.9854647 0.0078630406 2.8215202 0.0075548659 -108.0339 0 0 0
 3 1 -1 4 1.6791158 5.6837413 0.0066415003 2.6648504 0.0068425355 -99.288263 0 0 0
 3 1 0 4 1.5734501 6.0657812 0.005804461 2.0666555 0.005729283 -92.820897 0 0 0
 3 1 1 4 1.3595514 7.021227 0.006001405 1.6066637 0.006357067 -94.382457 0 0 0
 3 1 2 4 1.1426011 8.3565538 0.0055629818 1.0554673 0.0055222693 -90.869603 0 0 0
 3 1 3 4 0.96279429 9.9207849 0.0044344445 0.59830197 0.0042235099 -81.130551 0 0 0
 3 1 4 4 0.82214752 11.623371 0.0034035023 0.33516914 0.0034778862 -71.076795 0 0 0
 3 1 5 4 0.71283615 13.413415 0.0028034404 0.20775316 0.0028526996 -64.507539 0 0 0
 3 1 6 4 0.62691716 15.262 0.002409967 0.13831347 0.0023751858 -59.809526 0 0 0
 3 3 -8 4 0.62334096 15.350086 0.0017040543 0.09478754 0.0016774596 -50.292882 0 0 0
 3 3 -7 4 0.70571891 13.549322 0.002602517 0.18494814 0.0026178802 -62.152929 0 0 0
 3 3 -6 4 0.80846228 11.82082 0.0059455741 0.55278198 0.0058861383 -93.942412 0 0 0
 3 3 -5 4 0.93662403 10.198706 0.010601956 1.3192652 0.0098946323 -125.44629 0 0 0
 3 3 -4 4 1.0925792 8.7398723 0.0050236422 0.84883392 0.0050257379 -86.35235 0 0 0
 3 3 -3 4 1.2665606 7.5374443 0.0048181723 1.093607 0.0046570549 -84.567984 0 0 0
 3 3 -2 4 1.4186272 6.7284987 0.0093182512 2.6612215 0.0088512745 -117.60669 0 0 0
 3 3 -1 4 1.4771959 6.4614343 0.020396428 6.3596611 0.020864421 -173.99704 0 0 0
 3 3 0 4 1.4037114 6.800079 0.0089143377 2.5301149 0.0081871012 -115.02953 0 0 0
 3 3 1 4 1.2455269 7.6649206 0.0051100124 1.1484926 0.0051561414 -87.091503 0 0 0
 3 3 2 4 1.0723844 8.904788 0.0053035766 0.88636339 0.0051219546 -88.725659 0 0 0
 3 3 3 4 0.9196511 10.387444 0.0099126015 1.2203048 0.0094883484 -121.2994 0 0 0
 3 3 4 4 0.79479264 12.02487 0.0055112518 0.50729859 0.0050903391 -90.44612 0 0 0
 3 3 5 4 0.69478455 13.763581 0.0029197479 0.20560178 0.0027565857 -65.832067 0 0 0
 3 5 -7 4 0.67190466 14.234647 0.002753064 0.1778003 0.0028124905 -63.925327 0 0 0
 3 5 -6 4 0.75872116 12.598823 0.0036708671 0.3015578 0.0038175655 -73.815768 0 0 0
 3 5 -5 4 0.86159248 11.089528 0.0037400165 0.39545474 0.0037533321 -74.507771 0 0 0
 3 5 -4 4 0.97828224 9.7633369 0.0038084824 0.51868223 0.0039317055 -75.186659 0 0 0
 3 5 -3 4 1.0972759 8.7023904 0.0044286673 0.75933757 0.0044647633 -81.077685 0 0 0
 3 5 -2 4 1.1917644 8.0112501 0.0057272247 1.1618701 0.0058130042 -92.201274 0 0 0
 3 5 -1 4 1.2258601 7.7880792 0.0060595086 1.3072237 0.0061776672 -94.838246 0 0 0
 3 5 0 4 1.1828801 8.0715201 0.0053127851 1.073055 0.0052052974 -88.802652 0 0 0
 3 5 1 4 1.083514 8.8131383 0.0042282229 0.71960278 0.0040771147 -79.221625 0 0 0
 3 5 2 4 0.9637057 9.9113789 0.0040350017 0.54469967 0.0038497621 -77.390326 0 0 0
 3 5 3 4 0.84832538 11.263515 0.0039898061 0.41803564 0.003771461 -76.955684 0 0 0
 3 5 4 4 0.74738847 12.790651 0.0035044432 0.28535383 0.0035797983 -72.12309 0 0 0
 3 5 5 4 0.66244749 14.438937 0.0024610429 0.15762564 0.0024306108 -60.439993 0 0 0
 3 7 -7 4 0.62921355 15.205969 0.0032425032 0.18424622 0.0031955434 -69.375323 0 0 0
 3 7 -6 4 0.69878561 13.684396 0.0028211386 0.1973508 0.0027230121 -64.710838 0 0 0
 3 7 -5 4 0.77665098 12.306829 0.0024638184 0.21266399 0.0025838219 -60.474064 0 0 0
 3 7 -4 4 0.85886275 11.124885 0.0033514153 0.35370305 0.0033147967 -70.53082 0 0 0
 3 7 -3 4 0.93604099 10.205076 0.0051755287 0.64952476 0.0048628005 -87.648032 0 0 0
 3 7 -2 4 0.99265766 9.6216109 0.0050203363 0.71037354 0.0050802573 -86.323933 0 0 0
 3 7 -1 4 1.0121028 9.4363317 0.0038422978 0.56722064 0.0038929064 -75.519712 0 0 0
 3 7 0 4 0.98750609 9.6719237 0.0036156184 0.51003947 0.0036621201 -73.258177 0 0 0
 3 7 1 4 0.92745404 10.299815 0.0045668007 0.57002503 0.004223198 -82.332412 0 0 0
 3 7 2 4 0.84894863 11.25522 0.0042986544 0.45058212 0.0040506297 -79.878716 0 0 0
 3 7 3 4 0.76689158 12.464062 0.0031660689 0.27125385 0.0033192422 -68.552767 0 0 0
 3 7 4 4 0.68990198 13.861465 0.0023656174 0.1642466 0.0023542899 -59.256645 0 0 0
 3 7 5 4 0.62142679 15.397655 0.0023839001 0.13447352 0.0023506344 -59.485188 0 0 0
 3 9 -6 4 0.63728155 15.012345 0.0040135114 0.23447318 0.0038606082 -77.183961 0 0 0
 3 9 -5 4 0.69467483 13.765765 0.0063052337 0.43739088 0.0059597733 -96.742076 0 0 0
 3 9 -4 4 0.75163993 12.718005 0.0031792253 0.2582331 0.0033230112 -68.695053 0 0 0
 3 9 -3 4 0.80174883 11.920159 0.0032095085 0.29693466 0.0031592417 -69.021449 0 0 0
 3 9 -2 4 0.83647266 11.423645 0.0051440313 0.51905252 0.0049310875 -87.38092 0 0 0
 3 9 -1 4 0.84800887 11.267733 0.0090166597 0.93747733 0.0085401247 -115.68782 0 0 0
 3 9 0 4 0.83338324 11.466135 0.0045960605 0.46274888 0.0044743271 -82.595746 0 0 0
 3 9 1 4 0.79633307 12.001523 0.0032109118 0.29587988 0.0029415032 -69.036537 0 0 0
 3 9 2 4 0.74496771 12.832389 0.0035694268 0.28840901 0.0037256604 -72.788715 0 0 0
 3 9 3 4 0.68766473 13.906784 0.0062264933 0.42936051 0.0063602776 -96.136116 0 0 0
 3 9 4 4 0.63052161 15.174238 0.0036151905 0.20988505 0.0035586476 -73.253841 0 0 0
 3 11 -5 4 0.62134827 15.399612 0.0027906641 0.15554295 0.0027520401 -64.360379 0 0 0
 3 11 -4 4 0.6611098 14.468309 0.0022893875 0.1444858 0.002296431 -58.294081 0 0 0
 3 11 -3 4 0.69443686 13.770505 0.0021175449 0.14758546 0.0020073626 -56.063618 0 0 0
 3 11 -2 4 0.71663584 13.341972 0.002994196 0.22256997 0.0029904236 -66.66608 0 0 0
 3 11 -1 4 0.72385042 13.208398 0.0037001148 0.28113221 0.0036133106 -74.109248 0 0 0
 3 11 0 4 0.71469023 13.378459 0.003271918 0.2428246 0.0033133059 -69.689286 0 0 0
 3 11 1 4 0.69090875 13.841167 0.0021685584 0.15068809 0.0021330468 -56.73491 0 0 0
 3 11 2 4 0.65655605 14.569201 0.0021006059 0.13203351 0.0021313597 -55.838931 0 0 0
 3 13 -2 4 0.62393934 15.335276 0.0026672781 0.15080806 0.0026248864 -62.921485 0 0 0
 3 13 -1 4 0.62868344 15.218867 0.0019228709 0.11053202 0.0018954995 -53.424428 0 0 0
 3 13 0 4 0.62265401 15.367123 0.0019547737 0.11038893 0.0019254074 -53.865792 0 0 0
 4 0 -8 2 0.63084896 15.166317 0.0027241116 0.15449232 0.0026804912 89.927446 0 0 0
 4 0 -7 2 0.71102214 13.447794 0.0011602531 0.083290739 0.001169978 58.688928 0 0 0
 4 0 -6 2 0.80814137 11.825531 0.0014937894 0.13806615 0.0014818613 66.592375 0 0 0
 4 0 -5 2 0.92364113 10.342449 0.003330968 0.4010224 0.0031336379 99.440898 0 0 0
 4 0 -4 2 1.0534858 9.0648632 0.0065145782 1.0186491 0.0064289244 139.06664 0 0 0
 4 0 -3 2 1.1803531 8.0888286 0.0030337852 0.59599289 0.0029838284 94.901314 0 0 0
 4 0 -2 2 1.2676209 7.5311308 0.0023746873 0.5404886 0.0022905623 83.962049 0 0 0
 4 0 -1 2 1.2753971 7.4851471 0.003768874 0.8751654 0.0036611097 105.77563 0 0 0
 4 0 0 2 1.1994705 7.9596979 0.0076841823 1.5912258 0.0076453104 151.03536 0 0 0
 4 0 1 2 1.0763218 8.8721472 0.0036578003 0.61367314 0.0034682726 104.2053 0 0 0
 4 0 2 2 0.94524128 10.105487 0.0021093164 0.27398741 0.0021058835 79.131732 0 0 0
 4 0 3 2 0.82673277 11.558685 0.0018081515 0.18009267 0.0018047407 73.265112 0 0 0
 4 0 4 2 0.72646887 13.160579 0.0032355356 0.24925729 0.0032198517 98.006054 0 0 0
 4 0 5 2 0.64356999 14.864824 0.0020587711 0.12466205 0.0020051655 78.177871 0 0 0
 4 2 -8 4 0.62444592 15.322761 0.0018925293 0.10523024 0.0018625712 53.001251 0 0 0
 4 2 -7 4 0.70189189 13.623547 0.0025156907 0.17612554 0.0024734746 61.107348 0 0 0
 4 2 -6 4 0.79481007 12.024605 0.0037559996 0.33614144 0.003468222 74.666807 0 0 0
 4 2 -5 4 0.90388681 10.569118 0.0044333484 0.51183958 0.0044838484 81.120523 0 0 0
 4 2 -4 4 1.0244522 9.3223266 0.0041897613 0.62057542 0.0042233892 78.860486 0 0 0
 4 2 -3 4 1.1399388 8.3761058 0.004400867 0.80796118 0.0044096735 80.822808 0 0 0
 4 2 -2 4 1.2179498 7.8387394 0.0053811348 1.1327702 0.0053147167 89.372055 0 0 0
 4 2 -1 4 1.2248424 7.7945599 0.0060498101 1.2973158 0.0061881062 94.76232 0 0 0
 4 2 0 4 1.1571307 8.2514419 0.0053772888 1.0369325 0.0050706535 89.340112 0 0 0
 4 2 1 4 1.0454144 9.1349982 0.0044293722 0.70120928 0.0043658813 81.084137 0 0 0
 4 2 2 4 0.92410024 10.337297 0.0037934619 0.47099074 0.0035660201 75.038246 0 0 0
 4 2 3 4 0.8124764 11.762212 0.0035146753 0.33811557 0.0035294603 72.228303 0 0 0
 4 2 4 4 0.71673874 13.340048 0.0031493607 0.23618304 0.003142676 68.371642 0 0 0
 4 2 5 4 0.63677594 15.024334 0.0025751232 0.1526703 0.0024824519 61.824956 0 0 0
 4 4 -7 4 0.67647669 14.137948 0.0025663148 0.16726526 0.0026184234 61.719127 0 0 0
 4 4 -6 4 0.7584559 12.603248 0.004158844 0.33987024 0.0043443281 78.568982 0 0 0
 4 4 -5 4 0.85145415 11.221993 0.0040545006 0.41682754 0.0038501301 77.577092 0 0 0
 4 4 -4 4 0.94992045 10.055581 0.00326772 0.41792338 0.0032415716 69.644565 0 0 0
 4 4 -3 4 1.0397862 9.1845509 0.003782353 0.58048679 0.0037983118 74.928294 0 0 0
 4 4 -2 4 1.0979651 8.6969174 0.0057406089 0.98633747 0.0057815167 92.308946 0 0 0
 4 4 -1 4 1.1030067 8.6570898 0.0059456398 1.0370671 0.0059898367 93.942931 0 0 0
 4 4 0 4 1.0527836 9.0709218 0.0044080729 0.70472797 0.004351519 80.88895 0 0 0
 4 4 1 4 0.9665602 9.8820353 0.0035146968 0.47593877 0.0033651325 72.228525 0 0 0
 4 4 2 4 0.86828601 11.003775 0.0038185681 0.41868753 0.003707906 75.286148 0 0 0
 4 4 3 4 0.77376133 12.352968 0.0037461957 0.32693753 0.0038345889 74.569296 0 0 0
 4 4 4 4 0.68973832 13.86477 0.0029512218 0.20502102 0.0029433999 66.185939 0 0 0
 4 4 5 4 0.61761618 15.493237 0.0021067819 0.11754211 0.002073954 55.920958 0 0 0
 4 6 -7 4 0.63963505 14.956791 0.0019813174 0.11582829 0.0019417258 54.230279 0 0 0
 4 6 -6 4 0.70757825 13.513551 0.0024873918 0.17760573 0.0024580334 60.762678 0 0 0
 4 6 -5 4 0.7812651 12.233867 0.0052808386 0.45919525 0.0053837182 88.535258 0 0 0
 4 6 -4 4 0.85523331 11.172247 0.0092974099 0.96892645 0.0087764207 117.47509 0 0 0
 4 6 -3 4 0.91905178 10.394237 0.0045098794 0.54369764 0.0043552677 81.817702 0 0 0
 4 6 -2 4 0.95849057 9.9654426 0.0038706633 0.50927177 0.0036546295 75.797959 0 0 0
 4 6 -1 4 0.9618391 9.9306618 0.0056810753 0.75611076 0.0053988471 91.829048 0 0 0
 4 6 0 4 0.92799019 10.293848 0.010499715 1.3068331 0.0097009346 124.83994 0 0 0
 4 6 1 4 0.86731621 11.016117 0.0053379067 0.58260164 0.0051749566 89.012357 0 0 0
 4 6 2 4 0.79420707 12.033769 0.0032766921 0.30076315 0.0030596057 69.74011 0 0 0
 4 6 3 4 0.7199567 13.280153 0.0030688092 0.23198575 0.0029984003 67.491605 0 0 0
 4 6 4 4 0.65081078 14.698523 0.0054464536 0.33704695 0.0053980857 89.91284 0 0 0
 4 8 -6 4 0.65095784 14.695184 0.0023022214 0.1397346 0.0022765201 58.457246 0 0 0
 4 8 -5 4 0.7069469 13.525676 0.0032572564 0.23304105 0.0032370749 69.532971 0 0 0
 4 8 -4 4 0.76033777 12.571928 0.0035312225 0.292382 0.0035991929 72.398131 0 0 0
 4 8 -3 4 0.80413248 11.884698 0.0032680038 0.30315438 0.003251298 69.647589 0 0 0
 4 8 -2 4 0.83015207 11.510915 0.0029769856 0.29512138 0.002895413 66.474209 0 0 0
 4 8 -1 4 0.83232474 11.480766 0.0035047585 0.35045105 0.0034077006 72.126334 0 0 0
 4 8 0 4 0.8100992 11.79685 0.0039581007 0.37623441 0.0039091972 76.649307 0 0 0
 4 8 1 4 0.76879064 12.433151 0.0036207516 0.31092369 0.0036942998 73.310162 0 0 0
 4 8 2 4 0.71649254 13.344652 0.0025551095 0.19106308 0.0025549897 61.584238 0 0 0
 4 8 3 4 0.66055725 14.480477 0.0022073765 0.14058849 0.002230638 57.240447 0 0 0
 4 10 -5 4 0.63666331 15.027007 0.0026480355 0.15438183 0.002554617 62.694106 0 0 0
 4 10 -4 4 0.67482544 14.17272 0.0018946329 0.12416464 0.0019090998 53.030699 0 0 0
 4 10 -3 4 0.70488274 13.56547 0.0023544719 0.16858737 0.0023744698 59.116888 0 0 0
 4 10 -2 4 0.72221151 13.238506 0.0038028837 0.28645896 0.0036959582 75.131374 0 0 0
 4 10 -1 4 0.72364073 13.212242 0.0036262387 0.27494087 0.0035376889 73.36569 0 0 0
 4 10 0 4 0.70889125 13.488405 0.0024964981 0.18213246 0.0024605363 60.873803 0 0 0
 4 10 1 4 0.68071413 14.049495 0.0020985113 0.14152182 0.0021830997 55.811085 0 0 0
 4 10 2 4 0.64360889 14.863921 0.0027702426 0.16738173 0.002698414 64.124459 0 0 0
 4 12 -3 4 0.62228459 15.376301 0.0023816545 0.13345998 0.002346809 59.457164 0 0 0
 4 12 -2 4 0.63411063 15.087851 0.0021394017 0.12468932 0.0020924859 56.352214 0 0 0
 4 12 -1 4 0.63507737 15.064751 0.0033609525 0.19687075 0.0032764752 70.631105 0 0 0
 4 12 0 4 0.62503743 15.308173 0.0053700599 0.305331 0.0052866667 89.28004 0 0 0
 5 1 -7 4 0.679696 14.070646 0.0019261777 0.12615883 0.0020136357 -53.470345 0 0 0
 5 1 -6 4 0.75619629 12.641061 0.0027409629 0.22164122 0.0029280018 -63.784681 0 0 0
 5 1 -5 4 0.83893937 11.389945 0.0044024104 0.43747525 0.0041627674 -80.836979 0 0 0
 5 1 -4 4 0.9202884 10.380231 0.0047107253 0.56335748 0.0044736653 -83.619718 0 0 0
 5 1 -3 4 0.98604408 9.6862986 0.0037630663 0.51791416 0.0038164418 -74.737014 0 0 0
 5 1 -2 4 1.0184278 9.3775949 0.0036585232 0.5398385 0.0036568046 -73.691554 0 0 0
 5 1 -1 4 1.0062438 9.4914016 0.0046798375 0.67857536 0.0046317753 -83.345124 0 0 0
 5 1 0 4 0.95390649 10.013454 0.0049504596 0.64932004 0.0047362306 -85.721067 0 0 0
 5 1 1 4 0.87767164 10.885746 0.0039350511 0.43926668 0.00391928 -76.425801 0 0 0
 5 1 2 4 0.79423945 12.033276 0.0029868103 0.27410591 0.0027869829 -66.583808 0 0 0
 5 1 3 4 0.71425463 13.386655 0.0027383293 0.20381422 0.0027782127 -63.75403 0 0 0
 5 1 4 4 0.64243264 14.891289 0.0026805939 0.16177359 0.0026231955 -63.07835 0 0 0
 5 3 -7 4 0.66399312 14.405148 0.0062637724 0.39213605 0.0060935415 -96.423479 0 0 0
 5 3 -6 4 0.73474737 13.011653 0.0027254727 0.20845893 0.0028083918 -63.60419 0 0 0
 5 3 -5 4 0.80993297 11.79928 0.0028762229 0.26699362 0.0028393814 -65.339542 0 0 0
 5 3 -4 4 0.88239398 10.827314 0.0057645742 0.63538827 0.0058285107 -92.501426 0 0 0
 5 3 -3 4 0.93984876 10.163621 0.011016571 1.3809979 0.010225855 -127.8757 0 0 0
 5 3 -2 4 0.96776381 9.8697144 0.0053564958 0.71526108 0.0051646985 -89.167214 0 0 0
 5 3 -1 4 0.95729103 9.9779614 0.0038827249 0.51032927 0.0036704388 -75.915966 0 0 0
 5 3 0 4 0.91189598 10.476029 0.0048019381 0.57610005 0.0047078136 -84.425393 0 0 0
 5 3 1 4 0.84461938 11.313098 0.0088523426 0.91559157 0.0084597768 -114.62885 0 0 0
 5 3 2 4 0.76949526 12.421722 0.0048641018 0.41912569 0.0049308352 -84.970102 0 0 0
 5 3 3 4 0.69609778 13.73749 0.0028046949 0.1983188 0.0026421811 -64.521971 0 0 0
 5 3 4 4 0.6291246 15.208132 0.0022796509 0.13196501 0.0022468134 -58.16999 0 0 0
 5 5 -7 4 0.63559842 15.052329 0.0021916597 0.12608003 0.0021306948 -57.036304 0 0 0
 5 5 -6 4 0.69681159 13.72335 0.0024545479 0.1694162 0.0023272833 -60.360186 0 0 0
 5 5 -5 4 0.75993636 12.578596 0.003160394 0.25926364 0.0032304323 -68.491302 0 0 0
 5 5 -4 4 0.81881802 11.670798 0.0038347068 0.3654795 0.003958544 -75.445075 0 0 0
 5 5 -3 4 0.86410066 11.057239 0.0038249027 0.40696562 0.0037821851 -75.348569 0 0 0
 5 5 -2 4 0.88564571 10.787443 0.0036593177 0.41065573 0.0037864359 -73.699556 0 0 0
 5 5 -1 4 0.87759791 10.886664 0.0035059256 0.38824682 0.0034914713 -72.138342 0 0 0
 5 5 0 4 0.84222686 11.345341 0.0036733455 0.37651921 0.0035334416 -73.840683 0 0 0
 5 5 1 4 0.78836618 12.123258 0.0036033489 0.32499754 0.003526892 -73.133772 0 0 0
 5 5 2 4 0.72623725 13.164795 0.0031557744 0.24235307 0.0031375777 -68.441227 0 0 0
 5 5 3 4 0.66358546 14.414045 0.0024076207 0.15478443 0.0023514044 -59.780404 0 0 0
 5 7 -6 4 0.64952759 14.727722 0.0022127886 0.13325878 0.0022432043 -57.310576 0 0 0
 5 7 -5 4 0.69973463 13.665748 0.0039937805 0.27905351 0.0038763433 -76.994004 0 0 0
 5 7 -4 4 0.74488452 12.833828 0.0037019897 0.29338991 0.0038677407 -74.128022 0 0 0
 5 7 -3 4 0.77848657 12.277699 0.0024992107 0.2168191 0.0026191599 -60.906865 0 0 0
 5 7 -2 4 0.79413017 12.034938 0.0025342383 0.22954849 0.0023702935 -61.332199 0 0 0
 5 7 -1 4 0.78831274 12.124083 0.0039266535 0.35187994 0.0038442116 -76.34421 0 0 0
 5 7 0 4 0.76237724 12.538161 0.0040751809 0.34293052 0.0042046274 -77.774684 0 0 0
 5 7 1 4 0.72173894 13.247212 0.002852238 0.21588681 0.0027705002 -65.066537 0 0 0
 5 7 2 4 0.67316142 14.207935 0.0020541669 0.13566418 0.0020882944 -55.218254 0 0 0
 5 7 3 4 0.62236589 15.37428 0.0023404173 0.13245715 0.0023059122 -58.94018 0 0 0
 5 9 -5 4 0.63800115 14.995315 0.0020296291 0.11845671 0.0019550666 -54.887462 0 0 0
 5 9 -4 4 0.67166411 14.239772 0.004028109 0.26080315 0.0041183837 -77.324197 0 0 0
 5 9 -3 4 0.69598743 13.739678 0.00660581 0.46011266 0.0062191739 -99.021124 0 0 0
 5 9 -2 4 0.70709841 13.522764 0.0032283375 0.23272737 0.0032034227 -69.223615 0 0 0
 5 9 -1 4 0.70298234 13.602315 0.0024804817 0.17729909 0.0024637238 -60.67822 0 0 0
 5 9 0 4 0.68440431 13.973364 0.0034374775 0.23364194 0.0035307346 -71.430673 0 0 0
 5 9 1 4 0.65454733 14.614156 0.0058801285 0.36665977 0.005794558 -93.423949 0 0 0
 5 9 2 4 0.61766578 15.491986 0.0031970159 0.17799606 0.0031471692 -68.88699 0 0 0
 5 11 -3 4 0.62228702 15.376241 0.0028586054 0.15985012 0.0028167799 -65.139124 0 0 0
 5 11 -2 4 0.6301907 15.182252 0.0026306415 0.15118944 0.0025904199 -62.487859 0 0 0
 5 11 -1 4 0.62727166 15.253323 0.0018932678 0.10807665 0.0018661323 -53.011591 0 0 0
 6 0 -7 2 0.64387885 14.857653 0.0020957534 0.12311786 0.0020442339 78.876912 0 0 0
 6 0 -6 2 0.70232384 13.615129 0.0035898935 0.25049394 0.0035419377 103.23349 0 0 0
 6 0 -5 2 0.76018808 12.574414 0.0016177671 0.13219455 0.0016502973 69.30073 0 0 0
 6 0 -4 2 0.81072967 11.787644 0.0014060133 0.1308427 0.0013927526 64.606248 0 0 0
 6 0 -3 2 0.84508057 11.306904 0.0024653559 0.25008119 0.0023545462 85.549922 0 0 0
 6 0 -2 2 0.8553162 11.171161 0.0047188602 0.49274815 0.0044546016 118.3582 0 0 0
 6 0 -1 2 0.83874549 11.392587 0.0024349601 0.24591733 0.002301137 85.020906 0 0 0
 6 0 0 2 0.79964702 11.951604 0.00160342 0.14802099 0.0015433126 68.99275 0 0 0
 6 0 1 2 0.74657191 12.8047 0.001691391 0.13676202 0.0017373948 70.86011 0 0 0
 6 0 2 2 0.68805972 13.898761 0.0030232826 0.20844881 0.0030756265 94.736902 0 0 0
 6 0 3 2 0.63016086 15.182976 0.0018536141 0.10753508 0.0018253226 74.180452 0 0 0
 6 2 -7 4 0.63707511 15.017238 0.0026924877 0.15496737 0.0025915869 63.218134 0 0 0
 6 2 -6 4 0.69352049 13.788789 0.0022392596 0.15249176 0.0021518585 57.652353 0 0 0
 6 2 -5 4 0.74906035 12.761984 0.0026625455 0.21145163 0.0027330474 62.865639 0 0 0
 6 2 -4 4 0.79727199 11.987338 0.003700802 0.33339515 0.003421205 74.116131 0 0 0
 6 2 -3 4 0.82987135 11.514822 0.0040730095 0.39880384 0.0039686359 77.753961 0 0 0
 6 2 -2 4 0.83955792 11.381526 0.0034745381 0.3498481 0.0032971999 71.8147 0 0 0
 6 2 -1 4 0.8238698 11.598989 0.0031143735 0.30365272 0.0031455631 67.990801 0 0 0
 6 2 0 4 0.78672504 12.148643 0.0032183823 0.28769285 0.0031910698 69.116801 0 0 0
 6 2 1 4 0.7360233 12.989 0.0033135017 0.26046822 0.0033872824 70.130738 0 0 0
 6 2 2 4 0.6797757 14.068988 0.0029119421 0.19599986 0.0030431315 65.744008 0 0 0
 6 2 3 4 0.62377853 15.339253 0.002309054 0.1312751 0.0022724258 58.543927 0 0 0
 6 4 -6 4 0.66897262 14.297361 0.0016669014 0.10588008 0.0016831556 49.741602 0 0 0
 6 4 -5 4 0.71839764 13.309104 0.0023075422 0.16901496 0.0022777485 58.524759 0 0 0
 6 4 -4 4 0.76059432 12.56767 0.0041165583 0.33844576 0.0041924916 78.16853 0 0 0
 6 4 -3 4 0.78874119 12.117472 0.0042359376 0.37563243 0.0041420532 79.293865 0 0 0
 6 4 -2 4 0.7970436 11.990785 0.0028986372 0.26361741 0.0026715793 65.593642 0 0 0
 6 4 -1 4 0.78358309 12.19754 0.0024559778 0.21695783 0.0024681921 60.377765 0 0 0
 6 4 0 4 0.75142074 12.72173 0.0032879197 0.26841141 0.0034341493 69.85949 0 0 0
 6 4 1 4 0.70687296 13.527097 0.0036053961 0.26159564 0.0035858446 73.154543 0 0 0
 6 4 2 4 0.65661092 14.567977 0.0027296168 0.17150682 0.0027714248 63.652527 0 0 0
 6 6 -6 4 0.6332803 15.107749 0.0058686257 0.3352463 0.0057515961 93.332526 0 0 0
 6 6 -5 4 0.67472078 14.17493 0.002595505 0.16833318 0.0026159857 62.069143 0 0 0
 6 6 -4 4 0.7093136 13.480336 0.0023106091 0.16585111 0.0022831476 58.563639 0 0 0
 6 6 -3 4 0.73197674 13.061118 0.0041729748 0.31983825 0.0043577294 78.702349 0 0 0
 6 6 -2 4 0.73859797 12.943528 0.007434769 0.58236725 0.0076525922 105.0506 0 0 0
 6 6 -1 4 0.72784847 13.135524 0.003791653 0.28965327 0.0037926599 75.020353 0 0 0
 6 6 0 4 0.70185572 13.624253 0.00252047 0.17980115 0.0024775373 61.165365 0 0 0
 6 6 1 4 0.66514588 14.380051 0.0029370818 0.18890348 0.0028340577 66.027193 0 0 0
 6 6 2 4 0.62276345 15.364406 0.0051934384 0.29379134 0.005115263 87.799553 0 0 0
 6 8 -5 4 0.62510106 15.306605 0.0022600668 0.12636131 0.0022249184 57.919586 0 0 0
 6 8 -4 4 0.65230828 14.664594 0.0022634899 0.13799617 0.0022142339 57.963432 0 0 0
 6 8 -3 4 0.66980406 14.279521 0.0026152387 0.16850607 0.0026650938 62.304652 0 0 0
 6 8 -2 4 0.67486616 14.171861 0.0029196713 0.19157713 0.0029417741 65.831203 0 0 0
 6 8 -1 4 0.66663656 14.347726 0.0028355596 0.18219633 0.0027552864 64.876021 0 0 0
 6 8 0 4 0.64649376 14.797221 0.002241873 0.13596501 0.0022691995 57.685986 0 0 0
 6 8 1 4 0.61746413 15.497076 0.0020775997 0.11532856 0.0020439818 55.532312 0 0 0
 7 1 -6 4 0.64299921 14.878094 0.0029306625 0.17175635 0.0028564015 -65.954999 0 0 0
 7 1 -5 4 0.68154256 14.032331 0.0019775046 0.13027015 0.0020491992 -54.178074 0 0 0
 7 1 -4 4 0.71159022 13.437009 0.002220071 0.15974544 0.0022501532 -57.404804 0 0 0
 7 1 -3 4 0.72840321 13.125476 0.0034563989 0.26149371 0.0034762212 -71.626996 0 0 0
 7 1 -2 4 0.72883987 13.117578 0.0037530337 0.28556775 0.0037987278 -74.637321 0 0 0
 7 1 -1 4 0.7128136 13.413842 0.0027814984 0.20345888 0.0028303666 -64.254599 0 0 0
 7 1 0 4 0.68333643 13.99531 0.0021729815 0.14679322 0.0022344824 -56.792741 0 0 0
 7 1 1 4 0.64511024 14.829133 0.0023966799 0.14493642 0.0023764929 -59.644421 0 0 0
 7 3 -6 4 0.62965665 15.195205 0.0036780135 0.20701177 0.0036236051 -73.887584 0 0 0
 7 3 -5 4 0.66571431 14.367708 0.0066139591 0.41634719 0.0063803417 -99.082183 0 0 0
 7 3 -4 4 0.69363075 13.786587 0.0031075144 0.21278294 0.0029813397 -67.915888 0 0 0
 7 3 -3 4 0.70917493 13.482984 0.0023026529 0.16536106 0.0022729383 -58.462725 0 0 0
 7 3 -2 4 0.70957789 13.475292 0.0035567128 0.25681144 0.0035230532 -72.658965 0 0 0
 7 3 -1 4 0.69476368 13.763996 0.0065612497 0.45634515 0.0061958934 -98.686579 0 0 0
 7 3 0 4 0.66738578 14.331534 0.0036358548 0.23443604 0.0035736465 -73.462902 0 0 0
 7 3 1 4 0.63163858 15.147246 0.0022088758 0.12811962 0.0021712453 -57.259883 0 0 0
 7 5 -5 4 0.63710761 15.016467 0.0022387993 0.12944457 0.0021546228 -57.646427 0 0 0
 7 5 -4 4 0.66144718 14.46089 0.0024147642 0.150774 0.0024116146 -59.869024 0 0 0
 7 5 -3 4 0.67488527 14.171457 0.0026713707 0.17417096 0.0026915248 -62.969739 0 0 0
 7 5 -2 4 0.67523253 14.164132 0.002800346 0.18348178 0.0028222463 -64.471928 0 0 0
 7 5 -1 4 0.66242939 14.439334 0.0026496302 0.16780654 0.0026173402 -62.712981 0 0 0
 7 5 0 4 0.63857226 14.981827 0.0024399856 0.14421364 0.0023622816 -60.180867 0 0 0
 7 7 -3 4 0.63165935 15.146745 0.003218628 0.18442021 0.0031637046 -69.119439 0 0 0
 7 7 -2 4 0.63194404 15.139882 0.0034074433 0.19608393 0.0033478282 -71.117934 0 0 0
 7 7 -1 4 0.62141185 15.398027 0.0020459388 0.11427374 0.0020173973 -55.107553 0 0 0
 8 0 -4 2 0.63381043 15.095039 0.0030168681 0.17281319 0.002953046 94.636347 0 0 0
 8 0 -3 2 0.64146567 14.913865 0.0015293644 0.090044549 0.0015081647 67.380665 0 0 0
 8 0 -2 2 0.63769854 15.002472 0.0009879697 0.05773037 0.00095039813 54.156629 0 0 0
 8 0 -1 2 0.6230903 15.356298 0.0013182598 0.073876465 0.001298017 62.557634 0 0 0
 8 2 -4 4 0.62731771 15.252196 0.0019906194 0.11177324 0.0019620335 54.357432 0 0 0
 8 2 -3 4 0.63473735 15.072867 0.0020128755 0.1161045 0.0019649237 54.660458 0 0 0
 8 2 -2 4 0.63108685 15.160566 0.0025364087 0.14522231 0.0024950694 61.358456 0 0 0
