 1 0 0 6 4.15682 2.2951163 0.021902097 54.616864 0.020665223 37.405178 0 0 0
 1 1 0 12 2.9393156 3.2460016 0.074245896 92.591404 0.073026057 48.697885 0 0 0
 1 1 1 8 2.3999411 3.9757898 0.047875661 39.811535 0.048410213 47.893535 0 0 0
 2 0 0 6 2.07841 4.5911539 0.03350896 20.902757 0.033719518 46.266787 0 0 0
 2 1 0 24 1.8589864 5.1334097 0.097531843 48.681762 0.098181531 39.466816 0 0 0
 2 1 1 24 1.6970147 5.6237451 0.063661615 26.485218 0.062842058 31.885828 0 0 0
 2 2 0 12 1.4696578 6.4946115 0.032337097 10.09399 0.033436644 32.13841 0 0 0
 2 2 1 24 1.3856067 6.8890374 0.096984676 26.915338 0.099542843 39.355953 0 0 0
 2 2 2 8 1.1999706 7.9563757 0.010810577 2.251486 0.010950127 22.758515 0 0 0
 3 0 0 6 1.3856067 6.8890374 0.0091003301 2.5255378 0.0093403698 24.111123 0 0 0
 3 1 0 24 1.3145019 7.2621698 0.083811487 20.93776 0.085939386 36.585639 0 0 0
 3 1 1 24 1.2533284 7.6171388 0.057681542 13.102625 0.060202589 30.3513 0 0 0
 3 2 0 24 1.1528944 8.281814 0.043463302 8.3573488 0.043997262 26.346336 0 0 0
 3 2 1 48 1.1109569 8.5950214 0.093348357 16.670759 0.097175078 27.302173 0 0 0
 3 2 2 24 1.0081769 9.4731607 0.049755369 7.3220161 0.05253091 28.188947 0 0 0
 3 3 0 12 0.97977187 9.7484569 0.031570034 4.3886396 0.033094958 31.754947 0 0 0
 3 3 1 24 0.95363991 10.016261 0.028932341 3.8110539 0.029304571 21.495654 0 0 0
 3 3 2 24 0.886237 10.780224 0.037777483 4.3002025 0.040153923 24.562659 0 0 0
 3 3 3 8 0.79998038 11.946606 0.0049547325 0.46001799 0.0053093278 15.407409 0 0 0
 4 0 0 6 1.039205 9.1896984 0.016940171 2.648194 0.017248152 32.896354 0 0 0
 4 1 0 24 1.0081769 9.4731607 0.033790743 4.9726566 0.035675717 23.230456 0 0 0
 4 1 1 24 0.97977187 9.7484569 0.03818366 5.3080184 0.040028042 24.694353 0 0 0
 4 2 0 24 0.92949321 10.277157 0.040072201 5.0155215 0.041780417 25.297667 0 0 0
 4 2 1 48 0.90709249 10.531661 0.079588254 9.4889989 0.085822688 25.20974 0 0 0
 4 2 2 24 0.84850733 11.261092 0.022393992 2.337624 0.022676399 18.911441 0 0 0
 4 3 0 24 0.831364 11.494078 0.017283528 1.7323464 0.017628198 16.614033 0 0 0
 4 3 1 48 0.81521947 11.722495 0.063760759 6.1462535 0.068595963 22.564235 0 0 0
 4 3 2 48 0.7719021 12.382838 0.044120618 3.815383 0.048186346 18.770017 0 0 0
 4 3 3 24 0.71288875 13.412421 0.027343462 2.0188785 0.030345227 20.897081 0 0 0
 4 4 0 12 0.7348289 13.010203 0.014331924 1.1238635 0.014700946 21.395681 0 0 0
 4 4 1 24 0.72360948 13.212816 0.018165772 1.3816156 0.020094266 17.03279 0 0 0
 4 4 2 24 0.69280333 13.803132 0.017158483 1.1969849 0.018129803 16.553823 0 0 0
 4 4 3 24 0.64918622 14.735509 0.010322988 0.63295982 0.011427822 12.839898 0 0 0
 5 0 0 6 0.831364 11.494078 0.0057024257 0.57156019 0.0058161443 19.086165 0 0 0
 5 1 0 24 0.81521947 11.722495 0.025407465 2.4491666 0.027334203 20.143714 0 0 0
 5 1 1 24 0.79998038 11.946606 0.034872176 3.237678 0.037367873 23.599261 0 0 0
 5 2 0 24 0.7719021 12.382838 0.027726174 2.3976539 0.030281149 21.042815 0 0 0
 5 2 1 48 0.75892803 12.595375 0.0276325 2.3103704 0.028418277 14.854361 0 0 0
 5 2 2 24 0.72360948 13.212816 0.03212524 2.4433167 0.035535684 22.650723 0 0 0
 5 3 0 24 0.71288875 13.412421 0.022246284 1.6425333 0.024688481 18.84897 0 0 0
 5 3 1 48 0.70263082 13.609152 0.040466599 2.9030371 0.044109217 17.975966 0 0 0
 5 3 2 48 0.67432525 14.183287 0.025858523 1.7096579 0.02817191 14.369635 0 0 0
 5 4 0 24 0.64918622 14.735509 0.013370884 0.81984331 0.014801925 14.612985 0 0 0
 5 4 1 48 0.64141125 14.915137 0.02270576 1.3593457 0.023314161 13.465172 0 0 0
 6 0 0 6 0.69280333 13.803132 0.0066304172 0.46254142 0.0070057568 20.58066 0 0 0
 6 1 0 24 0.683377 13.994475 0.013763334 0.93437793 0.014035432 14.825887 0 0 0
 6 1 1 24 0.67432525 14.183287 0.015019414 0.99302113 0.016363099 15.487644 0 0 0
 6 2 0 24 0.65725095 14.553714 0.016260555 1.0217425 0.016961297 16.114861 0 0 0
 6 2 1 48 0.64918622 14.735509 0.034310943 2.1037948 0.037983126 16.552371 0 0 0
